"Date","Time","Open","High","Low","Close","Vol","OI"
05/12/2000,16:00,6300.00,6300.00,5775.00,5850.00,10,0
05/19/2000,16:00,5850.00,6525.00,5850.00,6225.00,32,0
05/26/2000,16:00,6225.00,6225.00,4800.00,4800.00,3,0
06/02/2000,16:00,4950.00,6000.00,4950.00,5250.00,9,0
06/09/2000,16:00,5175.00,6000.00,5137.50,5700.00,5,0
06/16/2000,16:00,5400.00,6825.00,5100.00,6825.00,22,0
06/23/2000,16:00,6900.00,6900.00,6450.00,6450.00,44,0
06/30/2000,16:00,6450.00,6600.00,6225.00,6600.00,8,0
07/07/2000,16:00,6150.00,6600.00,5775.00,5775.00,3,0
07/14/2000,16:00,6000.00,6600.00,5700.00,5700.00,5,0
07/21/2000,16:00,5625.00,5850.00,5400.00,5700.00,30,0
07/28/2000,16:00,5700.00,5700.00,4950.00,4950.00,3,0
08/04/2000,16:00,4950.00,4950.00,4950.00,4950.00,0,0
08/11/2000,16:00,5100.00,5400.00,4725.00,5400.00,41,0
08/18/2000,16:00,5250.00,6450.00,5250.00,5850.00,14,0
08/25/2000,16:00,5850.00,5925.00,5400.00,5400.00,0,0
09/01/2000,16:00,5700.00,5700.00,5325.00,5625.00,29,0
09/08/2000,16:00,5531.25,5700.00,5475.00,5700.00,9,0
09/15/2000,16:00,5475.00,5625.00,5325.00,5400.00,28,0
09/22/2000,16:00,5400.00,5400.00,4537.50,4800.00,89,0
09/29/2000,16:00,4650.00,4800.00,4575.00,4800.00,21,0
10/06/2000,16:00,4800.00,5100.00,4425.00,4462.50,19,0
10/13/2000,16:00,4350.00,4500.00,4125.00,4387.50,5,0
10/20/2000,16:00,4650.00,5250.00,4275.00,5250.00,27,0
10/27/2000,16:00,5250.00,5550.00,4875.00,4875.00,19,0
11/03/2000,16:00,4800.00,5175.00,4725.00,4725.00,10,0
11/10/2000,16:00,4650.00,4800.00,4425.00,4425.00,25,0
11/17/2000,16:00,4237.50,4425.00,4200.00,4200.00,21,0
11/24/2000,16:00,4237.50,4350.00,4125.00,4275.00,2,0
12/01/2000,16:00,4500.00,4500.00,3187.50,3450.00,37,0
12/08/2000,16:00,3600.00,3975.00,3600.00,3675.00,12,0
12/15/2000,16:00,4050.00,4537.50,3900.00,4350.00,6,0
12/22/2000,16:00,4425.00,4612.50,4125.00,4200.00,11,0
12/29/2000,16:00,4200.00,4575.00,4087.50,4425.00,44,0
01/05/2001,16:00,4200.00,4387.50,4050.00,4050.00,12,0
01/12/2001,16:00,4200.00,4425.00,3900.00,4050.00,17,0
01/19/2001,16:00,4050.00,4200.00,4050.00,4200.00,2,0
01/26/2001,16:00,4350.00,4650.00,4275.00,4500.00,7,0
02/02/2001,16:00,4500.00,4650.00,4200.00,4425.00,4,0
02/09/2001,16:00,4425.00,4425.00,4125.00,4125.00,5,0
02/16/2001,16:00,4162.50,4425.00,3825.00,3937.50,12,0
02/23/2001,16:00,3712.50,3712.50,3150.00,3262.50,8,0
03/02/2001,16:00,3300.00,3300.00,2775.00,2962.50,10,0
03/09/2001,16:00,2962.50,3187.50,2775.00,2943.75,51,0
03/16/2001,16:00,2943.75,3075.00,2812.50,3075.00,4,0
03/23/2001,16:00,3075.00,3075.00,2925.00,3075.00,4,0
03/30/2001,16:00,3225.00,3562.50,3150.00,3337.50,66,0
04/06/2001,16:00,3412.50,3528.00,3225.00,3528.00,16,0
04/13/2001,16:00,3426.00,3480.00,3240.00,3450.00,31,0
04/20/2001,16:00,3390.00,3570.00,3330.00,3342.00,19,0
04/27/2001,16:00,3324.00,3408.00,3192.00,3192.00,13,0
05/04/2001,16:00,3216.00,3372.00,3150.00,3252.00,24,0
05/11/2001,16:00,3288.00,3708.00,3282.00,3510.00,23,0
05/18/2001,16:00,3540.00,4020.00,3390.00,4020.00,14,0
05/25/2001,16:00,3990.00,4290.00,3900.00,4176.00,123,0
06/01/2001,16:00,4200.00,4560.00,4134.00,4560.00,118,0
06/08/2001,16:00,4518.00,5208.00,4518.00,4530.00,106,0
06/15/2001,16:00,4530.00,4776.00,4500.00,4620.00,29,0
06/22/2001,16:00,4488.00,4560.00,3960.00,4302.00,93,0
06/29/2001,16:00,4230.00,4524.00,4206.00,4524.00,19,0
07/06/2001,16:00,4542.00,4920.00,4230.00,4770.00,11,0
07/13/2001,16:00,4770.00,4770.00,4464.00,4500.00,28,0
07/20/2001,16:00,4500.00,4608.00,4248.00,4266.00,26,0
07/27/2001,16:00,4302.00,4302.00,3750.00,3870.00,68,0
08/03/2001,16:00,3840.00,4188.00,3840.00,4044.00,89,0
08/10/2001,16:00,3906.00,3930.00,3510.00,3600.00,26,0
08/17/2001,16:00,3516.00,3726.00,3444.00,3522.00,58,0
08/24/2001,16:00,3486.00,3522.00,3186.00,3522.00,38,0
08/31/2001,16:00,3552.00,3666.00,3144.00,3180.00,61,0
09/07/2001,16:00,3120.00,3120.00,3030.00,3048.00,22,0
09/14/2001,16:00,3003.00,3003.00,2976.00,2988.00,20,0
09/21/2001,16:00,2928.00,2928.00,2394.00,2400.00,111,0
09/28/2001,16:00,2472.00,2820.00,2385.00,2628.00,134,0
10/05/2001,16:00,2760.00,2856.00,2760.00,2856.00,3,0
10/12/2001,16:00,2658.00,2874.00,2598.00,2874.00,1,0
10/19/2001,16:00,2910.00,3156.00,2910.00,3009.00,12,0
10/26/2001,16:00,3096.00,3402.00,3096.00,3192.00,6,0
11/02/2001,16:00,3192.00,3192.00,2832.00,2874.00,16,0
11/09/2001,16:00,2820.00,2874.30,2646.00,2646.00,14,0
11/16/2001,16:00,2772.00,2868.00,2688.00,2868.00,18,0
11/23/2001,16:00,2844.00,3120.00,2844.00,2982.00,13,0
11/30/2001,16:00,2970.00,3120.00,2946.00,3120.00,23,0
12/07/2001,16:00,3015.00,3510.00,3015.00,3483.00,16,0
12/14/2001,16:00,3480.00,3540.00,3372.00,3414.00,9,0
12/21/2001,16:00,3414.00,3600.00,3384.00,3438.00,48,0
12/28/2001,16:00,3603.00,3603.00,3384.00,3528.00,8,0
01/04/2002,16:00,3531.00,4032.00,3459.00,3966.00,10,0
01/11/2002,16:00,3957.00,4092.00,3786.00,3786.00,12,0
01/18/2002,16:00,3975.00,3975.00,3462.00,3582.00,10,0
01/25/2002,16:00,3450.00,3654.00,3438.00,3600.00,6,0
02/01/2002,16:00,3540.00,3540.00,3474.00,3474.00,0,0
02/08/2002,16:00,3474.00,3474.00,3348.00,3348.00,6,0
02/15/2002,16:00,3300.00,3420.00,3090.00,3414.00,41,0
02/22/2002,16:00,3450.00,3473.64,3246.00,3354.00,19,0
03/01/2002,16:00,3438.00,3438.00,2970.00,3132.00,14,0
03/08/2002,16:00,3114.00,3144.00,3000.00,3000.00,8,0
03/15/2002,16:00,3000.00,3264.00,2994.00,3264.00,7,0
03/22/2002,16:00,3240.00,3240.00,3162.00,3162.00,9,0
03/29/2002,16:00,3150.00,3150.00,3012.00,3012.00,5,0
04/05/2002,16:00,3036.00,3078.00,3036.00,3078.00,2,0
04/12/2002,16:00,3060.00,3180.00,2868.00,3096.00,18,0
04/19/2002,16:00,3096.00,3120.00,3024.00,3114.00,4,0
04/26/2002,16:00,3114.00,3144.00,3012.00,3012.00,13,0
05/03/2002,16:00,3102.00,3102.00,2868.00,2868.00,17,0
05/10/2002,16:00,3000.00,3030.00,2859.00,2988.00,2,0
05/17/2002,16:00,2940.00,3138.00,2910.00,3000.00,5,0
05/24/2002,16:00,3132.00,3144.00,3000.00,3048.00,16,0
05/31/2002,16:00,3000.00,3030.00,2940.00,2946.00,24,0
06/07/2002,16:00,2952.00,2957.40,2820.00,2934.00,5,0
06/14/2002,16:00,2885.40,2886.00,2706.00,2736.00,4,0
06/21/2002,16:00,2700.00,2700.00,2292.00,2292.00,13,0
06/28/2002,16:00,2322.00,2382.00,2220.00,2250.00,5,0
07/05/2002,16:00,2640.00,2754.00,2640.00,2700.00,2,0
07/12/2002,16:00,2460.00,2706.00,2388.60,2484.00,21,0
07/19/2002,16:00,2370.00,2532.00,2250.60,2292.00,51,0
07/26/2002,16:00,2304.00,2310.00,1680.00,1931.40,97,0
08/02/2002,16:00,2070.00,2130.00,1800.60,2100.00,94,0
08/09/2002,16:00,2100.00,2280.00,1950.00,1950.00,21,0
08/16/2002,16:00,1950.00,1950.00,1800.00,1830.00,20,0
08/23/2002,16:00,1764.60,1842.00,1470.00,1572.00,84,0
08/30/2002,16:00,1620.00,1704.00,1566.00,1650.00,29,0
09/06/2002,16:00,1710.00,1794.00,1452.00,1781.40,159,0
09/13/2002,16:00,1794.00,1794.00,1794.00,1794.00,1,0
09/20/2002,16:00,1434.00,1434.00,1230.00,1230.00,9,0
09/27/2002,16:00,1512.00,1686.00,1158.00,1620.00,29,0
10/04/2002,16:00,1614.00,1968.00,1584.00,1698.00,19,0
10/11/2002,16:00,1608.60,1745.40,1554.60,1698.00,13,0
10/18/2002,16:00,2039.40,2039.40,1212.00,1980.00,9,0
10/25/2002,16:00,2022.00,2190.00,1938.60,2082.00,51,0
11/01/2002,16:00,2166.00,2700.00,2135.40,2262.00,163,0
11/08/2002,16:00,2274.00,2514.00,2154.00,2232.00,32,0
11/15/2002,16:00,2130.00,2130.00,1962.00,1962.00,11,0
11/22/2002,16:00,1968.00,2177.40,1815.00,2177.40,34,0
11/29/2002,16:00,2280.00,2460.00,2154.00,2460.00,18,0
12/06/2002,16:00,2580.00,2580.00,2190.00,2190.00,592,0
12/13/2002,16:00,2136.00,2346.00,2118.00,2124.00,59,0
12/20/2002,16:00,2148.00,2394.00,1980.00,2070.00,218,0
12/27/2002,16:00,2010.00,2070.00,1800.00,2069.40,40,0
01/03/2003,16:00,2070.00,2322.00,1980.00,2112.00,412,0
01/10/2003,16:00,2124.00,2292.00,1860.00,2292.00,114,0
01/17/2003,16:00,2370.00,2400.00,2196.00,2250.00,55,0
01/24/2003,16:00,2244.00,2250.00,1980.00,2202.00,67,0
01/31/2003,16:00,2040.00,2070.00,1806.00,1818.00,67,0
02/07/2003,16:00,1883.40,1883.40,1626.60,1740.60,23,0
02/14/2003,16:00,1788.00,1914.00,1662.00,1704.60,68,0
02/21/2003,16:00,1500.00,1914.00,1500.00,1710.00,94,0
02/28/2003,16:00,1794.00,1800.00,1662.00,1770.00,101,0
03/07/2003,16:00,1794.00,1860.00,1662.00,1680.00,108,0
03/14/2003,16:00,1620.00,1686.00,1620.00,1650.00,4,0
03/21/2003,16:00,1620.00,2076.00,1500.00,1590.60,44,0
03/28/2003,16:00,1650.00,1740.00,1638.00,1661.40,11,0
04/04/2003,16:00,1608.00,1920.00,1464.00,1758.00,38,0
04/11/2003,16:00,1620.00,1788.00,1560.00,1668.00,22,0
04/18/2003,16:00,1620.00,1842.00,1620.00,1770.00,14,0
04/25/2003,16:00,1908.00,2550.00,1866.00,1932.00,852,0
05/02/2003,16:00,1980.00,2394.00,1860.00,2298.00,892,0
05/09/2003,16:00,2430.00,2610.00,2346.00,2598.00,182,0
05/16/2003,16:00,2598.00,2610.00,2262.00,2514.00,14,0
05/23/2003,16:00,2664.00,3570.00,2664.00,3276.00,878,0
05/30/2003,16:00,3156.00,3510.00,3156.00,3486.00,507,0
06/06/2003,16:00,3780.00,4434.00,3474.00,3846.00,1403,0
06/13/2003,16:00,3924.00,4044.00,3264.00,3888.00,559,0
06/20/2003,16:00,3864.00,3876.00,3468.00,3618.00,445,0
06/27/2003,16:00,3510.00,3834.60,3510.00,3678.00,233,0
07/04/2003,16:00,3690.60,4032.00,3600.00,3731.40,258,0
07/11/2003,16:00,3810.00,3984.00,3360.00,3408.00,607,0
07/18/2003,16:00,3410.40,3552.00,3000.00,3024.00,257,0
07/25/2003,16:00,3000.00,3504.00,2880.00,3209.40,313,0
08/01/2003,16:00,3222.00,3726.00,3000.00,3090.00,302,0
08/08/2003,16:00,3726.00,3726.00,2940.00,2940.00,630,0
08/15/2003,16:00,3012.00,3552.00,2856.00,3006.00,549,0
08/22/2003,16:00,3000.00,3114.00,2766.00,2994.00,966,0
08/29/2003,16:00,2994.00,3450.60,2988.00,3276.00,819,0
09/05/2003,16:00,3450.00,3450.00,3228.00,3354.00,356,0
09/12/2003,16:00,3366.00,4068.00,3366.00,3804.00,1532,0
09/19/2003,16:00,3948.00,4410.00,3630.00,4104.00,1811,0
09/26/2003,16:00,3984.00,4140.00,1980.00,2340.00,11688,0
10/03/2003,16:00,2328.00,2370.00,2106.00,2202.00,1972,0
10/10/2003,16:00,2190.00,2274.00,1950.00,2238.00,724,0
10/17/2003,16:00,2274.00,2388.00,2190.00,2214.00,380,0
10/24/2003,16:00,2196.00,2244.00,1830.00,1962.00,509,0
10/31/2003,16:00,1992.00,2292.00,1842.00,1950.00,1029,0
11/07/2003,16:00,2004.00,2202.00,1926.00,2064.00,679,0
11/14/2003,16:00,2106.00,2208.00,1926.00,1926.00,400,0
11/21/2003,16:00,1926.00,1980.00,1854.60,1860.00,343,0
11/28/2003,16:00,1896.00,1932.00,1812.00,1932.00,160,0
12/05/2003,16:00,1986.00,1986.00,1800.00,1842.00,365,0
12/12/2003,16:00,1818.00,1854.00,1676.40,1800.00,276,0
12/19/2003,16:00,1818.00,1818.00,1614.00,1680.00,313,0
12/26/2003,16:00,1710.00,1800.00,1656.00,1746.00,245,0
01/02/2004,16:00,1746.00,2100.00,1740.00,2046.00,552,0
01/09/2004,16:00,2082.00,2172.00,1902.00,2040.00,568,0
01/16/2004,16:00,1986.00,2304.00,1986.00,2238.00,622,0
01/23/2004,16:00,2238.00,2286.00,2099.40,2238.00,1013,0
01/30/2004,16:00,2166.00,2351.40,2160.00,2256.00,429,0
02/06/2004,16:00,2352.00,3660.00,2220.00,3300.00,6792,0
02/13/2004,16:00,3306.00,3930.00,2928.00,3930.00,2344,0
02/20/2004,16:00,3870.00,3900.00,3426.00,3558.00,1308,0
02/27/2004,16:00,3432.00,3750.00,3426.00,3612.00,990,0
03/05/2004,16:00,3660.00,4080.00,3390.00,3888.00,957,0
03/12/2004,16:00,3870.00,4050.00,3156.00,3402.00,608,0
03/19/2004,16:00,3312.00,3702.00,3300.00,3660.00,500,0
03/26/2004,16:00,3714.00,3822.00,3318.00,3804.00,534,0
04/02/2004,16:00,3882.00,4230.00,3726.00,3930.00,1210,0
04/09/2004,16:00,4170.00,4194.00,3900.00,3990.00,689,0
04/16/2004,16:00,3966.00,3978.00,3666.00,3929.40,230,0
04/23/2004,16:00,3939.00,4632.00,3786.00,4410.00,2004,0
04/30/2004,16:00,4758.00,5052.00,4470.00,4626.00,4820,0
05/07/2004,16:00,4650.00,4776.00,4230.00,4290.00,1913,0
05/14/2004,16:00,4272.00,4530.00,3972.00,4404.00,1652,0
05/21/2004,16:00,4626.00,4974.00,4439.40,4788.00,3268,0
05/28/2004,16:00,4908.00,4950.00,4566.00,4836.00,1359,0
06/04/2004,16:00,4884.00,4896.00,4650.00,4722.00,680,0
06/11/2004,16:00,4650.00,4764.00,3198.00,3318.00,2788,0
06/18/2004,16:00,3450.00,3660.00,3198.00,3528.00,1262,0
06/25/2004,16:00,3570.00,3750.00,3450.00,3624.00,901,0
07/02/2004,16:00,3624.00,3708.00,3150.00,3204.00,1540,0
07/09/2004,16:00,3012.00,3534.00,3012.00,3168.00,795,0
07/16/2004,16:00,3138.00,3180.00,2598.00,2676.00,1115,0
07/23/2004,16:00,2640.00,2760.00,2376.00,2598.00,1801,0
07/30/2004,16:00,2754.00,2754.00,2310.00,2622.00,820,0
08/06/2004,16:00,2550.00,2670.00,2406.00,2610.00,820,0
08/13/2004,16:00,2670.00,3000.00,2598.00,2904.00,1192,0
08/20/2004,16:00,3198.00,3216.00,2892.00,3114.00,607,0
08/27/2004,16:00,3120.00,3276.00,2982.00,3246.00,330,0
09/03/2004,16:00,3270.00,3354.00,3132.00,3300.00,353,0
09/10/2004,16:00,3360.00,3708.00,3048.00,3570.00,666,0
09/17/2004,16:00,3636.00,3816.00,3540.00,3750.00,1167,0
09/24/2004,16:00,3690.00,3870.00,3396.00,3510.00,887,0
10/01/2004,16:00,3450.00,3600.00,3066.00,3426.00,529,0
10/08/2004,16:00,4104.00,4110.00,3372.00,3450.00,593,0
10/15/2004,16:00,3600.00,3630.00,3054.00,3258.00,467,0
10/22/2004,16:00,3210.00,3420.00,3162.00,3330.00,244,0
10/29/2004,16:00,3372.00,3396.00,3168.00,3246.00,221,0
11/05/2004,16:00,3414.00,3468.00,3138.00,3414.00,288,0
11/12/2004,16:00,3300.00,3798.00,3300.00,3774.00,350,0
11/19/2004,16:00,3810.00,4260.00,3564.00,4260.00,873,0
11/26/2004,16:00,4350.00,4350.00,3546.00,3846.00,503,0
12/03/2004,16:00,3711.00,4080.00,3594.00,3942.00,354,0
12/10/2004,16:00,4071.00,4296.00,3702.00,3804.00,380,0
12/17/2004,16:00,3756.00,3846.00,3564.00,3564.00,241,0
12/24/2004,16:00,3480.00,3804.00,3294.00,3612.00,270,0
12/31/2004,16:00,3600.00,3762.00,3306.00,3756.00,167,0
01/07/2005,16:00,3882.00,3882.00,3486.00,3720.00,408,0
01/14/2005,16:00,3684.00,3870.00,3486.00,3636.00,247,0
01/21/2005,16:00,3510.60,3636.00,3408.00,3456.00,300,0
01/28/2005,16:00,3264.60,3492.00,2802.00,3210.00,575,0
02/04/2005,16:00,3060.00,3342.00,3060.00,3342.00,551,0
02/11/2005,16:00,3288.00,3486.00,3150.00,3240.00,218,0
02/18/2005,16:00,3168.00,3546.00,3168.00,3522.00,318,0
02/25/2005,16:00,3600.00,3738.00,3384.00,3438.00,206,0
03/04/2005,16:00,3420.00,3660.00,3030.00,3288.00,362,0
03/11/2005,16:00,3282.00,3426.00,3114.00,3282.00,255,0
03/18/2005,16:00,3312.00,3420.00,3060.00,3210.00,338,0
03/25/2005,16:00,3192.00,3288.00,3138.00,3252.60,151,0
04/01/2005,16:00,3216.00,3390.00,2952.00,2964.00,282,0
04/08/2005,16:00,2970.00,3450.00,2964.00,3198.00,146,0
04/15/2005,16:00,3120.00,3264.00,2730.00,3180.00,197,0
04/22/2005,16:00,3114.00,3114.00,2850.00,3054.00,135,0
04/29/2005,16:00,3060.00,3072.00,2820.00,2928.00,119,0
05/06/2005,16:00,2940.00,3528.00,2748.00,3120.00,373,0
05/13/2005,16:00,3090.00,3276.00,2958.00,2964.00,223,0
05/20/2005,16:00,3000.00,3000.00,2736.00,2970.00,145,0
05/27/2005,16:00,2898.00,3000.00,2856.00,2928.00,124,0
06/03/2005,16:00,2970.00,3000.00,2886.00,2922.00,103,0
06/10/2005,16:00,2940.00,2940.00,2598.00,2706.00,306,0
06/17/2005,16:00,2652.00,2964.00,2400.00,2796.00,295,0
06/24/2005,16:00,2808.00,2964.00,2778.00,2814.00,218,0
07/01/2005,16:00,2880.00,2892.00,2526.00,2592.00,123,0
07/08/2005,16:00,2550.00,2772.00,2550.00,2718.00,207,0
07/15/2005,16:00,2682.00,2760.00,2550.00,2676.00,150,0
07/22/2005,16:00,2592.00,2994.00,2592.00,2874.00,515,0
07/29/2005,16:00,2844.00,2922.00,2712.00,2910.00,226,0
08/05/2005,16:00,2928.00,3450.00,2731.20,2928.00,436,0
08/12/2005,16:00,2892.00,3000.00,2730.00,2862.00,454,0
08/19/2005,16:00,2850.00,3036.00,2808.00,2838.00,622,0
08/26/2005,16:00,2820.00,3012.00,2820.00,3012.00,286,0
09/02/2005,16:00,3012.00,3072.00,2874.00,2934.00,307,0
09/09/2005,16:00,2928.00,3168.00,2880.00,3162.00,383,0
09/16/2005,16:00,3222.00,3420.00,2970.00,2976.00,814,0
09/23/2005,16:00,3108.00,3240.00,2940.00,2940.00,448,0
09/30/2005,16:00,3024.00,3024.00,2814.00,2880.00,313,0
10/07/2005,16:00,2850.00,2922.00,2718.00,2862.00,560,0
10/14/2005,16:00,2862.00,2934.00,2760.00,2880.00,368,0
10/21/2005,16:00,2826.00,2904.00,2790.00,2850.00,305,0
10/28/2005,16:00,2796.00,2922.00,2796.00,2820.00,254,0
11/04/2005,16:00,2874.00,3096.00,2820.00,2946.00,402,0
11/11/2005,16:00,2886.00,3072.00,2886.00,2976.00,275,0
11/18/2005,16:00,2976.00,2976.00,2472.00,2490.00,877,0
11/25/2005,16:00,2538.00,2712.00,2460.00,2628.00,370,0
12/02/2005,16:00,2712.00,2718.00,2598.00,2628.00,261,0
12/09/2005,16:00,2670.00,2976.00,2550.00,2862.00,278,0
12/16/2005,16:00,2952.00,3000.00,2862.00,2988.00,210,0
12/23/2005,16:00,2952.00,3030.00,2856.00,3012.00,237,0
12/30/2005,16:00,2934.00,3090.00,2850.00,3060.00,173,0
01/06/2006,16:00,3096.00,3246.00,3030.00,3204.06,228,0
01/13/2006,16:00,3216.00,3930.00,3192.00,3594.00,471,0
01/20/2006,16:00,3570.00,3714.00,3516.00,3660.00,128,0
01/27/2006,16:00,3618.00,3732.00,3552.00,3612.00,431,0
02/03/2006,16:00,3600.00,3798.00,3507.00,3792.00,753,0
02/10/2006,16:00,3888.00,3948.00,3672.00,3882.00,206,0
02/17/2006,16:00,3858.00,4014.00,3690.00,3954.00,410,0
02/24/2006,16:00,3972.00,4002.00,3732.00,3744.00,290,0
03/03/2006,16:00,3708.00,3858.00,3522.00,3624.00,855,0
03/10/2006,16:00,3612.00,3918.00,3492.00,3822.00,407,0
03/17/2006,16:00,3846.00,3900.00,3636.00,3732.00,446,0
03/24/2006,16:00,3696.00,3780.00,3594.00,3708.00,289,0
03/31/2006,16:00,3714.00,4002.00,3714.00,3978.00,602,0
04/07/2006,16:00,3966.00,4530.00,3960.00,4140.00,813,0
04/14/2006,16:00,4200.00,4368.00,4032.00,4158.00,181,0
04/21/2006,16:00,4242.00,4338.00,4176.00,4254.00,320,0
04/28/2006,16:00,4326.00,4362.00,3990.00,4248.00,456,0
05/05/2006,16:00,4224.00,4470.00,4164.00,4368.00,709,0
05/12/2006,16:00,4446.00,4446.00,3900.00,4050.00,345,0
05/19/2006,16:00,4020.00,4050.00,3660.00,3726.00,315,0
05/26/2006,16:00,3696.00,3822.00,3606.00,3810.00,260,0
06/02/2006,16:00,3720.00,4242.00,3720.00,4230.00,323,0
06/09/2006,16:00,4260.00,4260.00,3498.00,3894.00,281,0
06/16/2006,16:00,3888.00,3888.00,3240.00,3534.00,392,0
06/23/2006,16:00,4110.00,4110.00,3300.00,3522.00,274,0
06/30/2006,16:00,3474.00,3600.00,3372.00,3600.00,217,0
07/07/2006,16:00,3600.00,3654.00,3348.00,3348.00,148,0
07/14/2006,16:00,3318.00,3348.00,2940.00,3168.00,218,0
07/21/2006,16:00,3144.00,3210.00,2940.00,3162.00,240,0
07/28/2006,16:00,3192.00,3276.00,3144.00,3150.00,129,0
08/04/2006,16:00,3126.00,3408.00,3126.00,3252.00,94,0
08/11/2006,16:00,3240.00,3354.00,3048.00,3162.00,66,0
08/18/2006,16:00,3444.00,3444.00,2946.00,3132.00,133,0
08/25/2006,16:00,3150.00,3294.00,3114.00,3258.00,73,0
09/01/2006,16:00,3258.00,3300.00,3192.00,3270.00,188,0
09/08/2006,16:00,3258.00,3612.00,3204.00,3240.00,499,0
09/15/2006,16:00,3240.00,3264.00,3138.00,3198.00,41,0
09/22/2006,16:00,3174.00,3420.00,3078.00,3168.00,128,0
09/29/2006,16:00,3126.00,3360.00,3000.00,3078.00,242,0
10/06/2006,16:00,3048.00,3282.00,3018.00,3054.00,243,0
10/13/2006,16:00,3054.06,3102.00,2868.00,3030.00,252,0
10/20/2006,16:00,3030.00,3252.00,3012.00,3216.00,120,0
10/27/2006,16:00,3252.00,3252.00,3018.00,3090.00,209,0
11/03/2006,16:00,3090.00,3120.00,2928.00,3036.00,181,0
11/10/2006,16:00,3060.00,3120.00,2982.00,3114.00,265,0
11/17/2006,16:00,3174.00,3186.00,3066.00,3162.00,251,0
11/24/2006,16:00,3180.00,3186.00,3102.00,3180.00,305,0
12/01/2006,16:00,3390.00,3390.00,3150.00,3186.00,465,0
12/08/2006,16:00,3150.00,3234.00,3132.00,3196.68,145,0
12/15/2006,16:00,3186.00,3534.00,3186.00,3532.80,369,0
12/22/2006,16:00,3504.00,3690.00,3486.00,3618.00,245,0
12/29/2006,16:00,3684.00,3708.00,2358.00,2430.00,2103,0
01/05/2007,16:00,2490.00,2490.00,2286.00,2322.00,443,0
01/12/2007,16:00,2322.00,2514.00,2298.00,2490.00,628,0
01/19/2007,16:00,2538.00,2640.00,2484.00,2544.00,542,0
01/26/2007,16:00,2520.00,2544.00,2370.00,2412.00,328,0
02/02/2007,16:00,2472.00,2484.00,2400.00,2445.12,372,0
02/09/2007,16:00,2454.00,2460.00,2370.00,2382.00,253,0
02/16/2007,16:00,2424.00,2424.00,2124.00,2208.00,351,0
02/23/2007,16:00,2262.00,2358.00,2106.00,2202.00,370,0
03/02/2007,16:00,2256.00,2256.00,1860.00,1926.00,578,0
03/09/2007,16:00,1890.00,2010.00,1740.00,1932.00,882,0
03/16/2007,16:00,1914.00,2004.00,1830.06,1884.00,315,0
03/23/2007,16:00,1938.00,2178.00,1884.00,2154.00,759,0
03/30/2007,16:00,2280.00,2406.00,2154.00,2274.00,658,0
04/06/2007,16:00,2310.00,2472.00,2292.00,2405.94,426,0
04/13/2007,16:00,2424.00,2472.00,2328.00,2436.00,562,0
04/20/2007,16:00,2460.00,2508.00,2370.00,2406.00,371,0
04/27/2007,16:00,2418.00,2418.00,2256.00,2316.00,443,0
05/04/2007,16:00,2316.00,2394.00,2142.00,2376.00,342,0
05/11/2007,16:00,2334.00,2460.00,2046.00,2124.00,413,0
05/18/2007,16:00,2184.00,2208.00,2100.00,2208.00,489,0
05/25/2007,16:00,2244.00,2382.00,2190.00,2226.00,350,0
06/01/2007,16:00,2304.00,2310.00,2190.00,2208.00,208,0
06/08/2007,16:00,2310.00,2310.00,1980.00,2028.00,428,0
06/15/2007,16:00,1998.00,2118.06,1950.00,2063.94,242,0
06/22/2007,16:00,2016.00,2094.00,1956.00,2040.00,154,0
06/29/2007,16:00,2004.00,2082.00,1985.40,2076.00,120,0
07/06/2007,16:00,2064.00,2190.00,2040.00,2088.00,97,0
07/13/2007,16:00,2070.00,2070.00,1939.20,1944.00,256,0
07/20/2007,16:00,1956.00,2040.00,1890.00,1896.00,387,0
07/27/2007,16:00,1913.94,1926.00,1758.00,1758.00,339,0
08/03/2007,16:00,1794.00,1830.00,1669.20,1692.00,240,0
08/10/2007,16:00,1680.00,1824.00,1512.00,1566.00,606,0
08/17/2007,16:00,1590.00,1619.94,1362.00,1506.00,1105,0
08/24/2007,16:00,1974.00,1974.00,1590.00,1710.00,497,0
08/31/2007,16:00,1734.00,1818.00,1710.00,1746.00,407,0
09/07/2007,16:00,1752.00,1776.00,1602.00,1620.00,458,0
09/14/2007,16:00,1620.00,1626.00,1446.00,1476.00,310,0
09/21/2007,16:00,1446.06,1602.00,1416.00,1583.94,236,0
09/28/2007,16:00,1608.00,1626.00,1470.00,1572.00,236,0
10/05/2007,16:00,1602.00,1638.00,1338.00,1434.00,584,0
10/12/2007,16:00,1416.00,1482.00,1104.00,1122.00,638,0
10/19/2007,16:00,1134.00,1230.00,1104.00,1182.00,522,0
10/26/2007,16:00,1188.00,1206.00,1116.00,1134.00,248,0
11/02/2007,16:00,1152.00,1194.00,1104.00,1122.00,297,0
11/09/2007,16:00,1116.00,1230.00,1080.00,1140.00,314,0
11/16/2007,16:00,1152.00,1152.00,1080.00,1092.00,532,0
11/23/2007,16:00,1092.00,1092.00,942.00,972.00,272,0
11/30/2007,16:00,972.00,1122.00,900.00,1020.00,343,0
12/07/2007,16:00,1032.00,1158.00,972.00,1080.00,639,0
12/14/2007,16:00,1134.00,1134.00,798.00,930.00,436,0
12/21/2007,16:00,906.00,972.00,822.00,918.00,565,0
12/28/2007,16:00,894.00,960.00,876.00,954.00,364,0
01/04/2008,16:00,936.00,1020.00,900.00,1008.00,224,0
01/11/2008,16:00,1020.00,1080.00,936.00,978.00,370,0
01/18/2008,16:00,1050.00,1050.00,912.00,936.00,395,0
01/25/2008,16:00,864.00,1002.00,864.00,935.94,130,0
02/01/2008,16:00,912.00,948.00,882.00,912.00,337,0
02/08/2008,16:00,942.00,1008.00,912.00,966.00,170,0
02/15/2008,16:00,942.00,1008.00,900.00,966.00,273,0
02/22/2008,16:00,978.00,978.00,852.00,858.00,214,0
02/29/2008,16:00,870.00,870.00,792.00,792.00,311,0
03/07/2008,16:00,792.00,839.94,732.00,738.00,183,0
03/14/2008,16:00,726.00,774.00,534.00,576.00,350,0
03/21/2008,16:00,576.00,624.00,540.00,546.00,112,0
03/28/2008,16:00,546.72,624.00,456.00,622.80,608,0
04/04/2008,16:00,642.00,1002.00,588.00,840.00,950,0
04/11/2008,16:00,846.00,1110.00,768.00,852.00,827,0
04/18/2008,16:00,936.00,936.00,678.00,732.00,338,0
04/25/2008,16:00,708.00,768.00,708.00,762.00,165,0
05/02/2008,16:00,774.00,774.00,660.00,714.00,198,0
05/09/2008,16:00,720.00,774.00,690.00,714.00,150,0
05/16/2008,16:00,720.00,762.00,708.00,738.00,186,0
05/23/2008,16:00,720.00,870.00,720.00,834.00,192,0
05/30/2008,16:00,822.00,888.00,822.00,870.00,95,0
06/06/2008,16:00,852.00,888.00,768.00,804.00,221,0
06/13/2008,16:00,846.00,846.00,768.00,816.00,115,0
06/20/2008,16:00,786.00,810.00,630.00,642.00,253,0
06/27/2008,16:00,660.00,696.00,582.00,612.00,346,0
07/04/2008,16:00,630.00,648.00,585.00,642.00,77,0
07/11/2008,16:00,660.00,666.00,618.00,666.00,123,0
07/18/2008,16:00,672.00,672.00,606.00,636.00,185,0
07/25/2008,16:00,630.00,774.00,630.00,726.00,89,0
08/01/2008,16:00,744.00,762.00,672.00,696.00,78,0
08/08/2008,16:00,696.06,768.00,690.00,768.00,62,0
08/15/2008,16:00,780.00,822.00,690.00,726.00,124,0
08/22/2008,16:00,774.00,786.00,636.00,648.06,74,0
08/29/2008,16:00,696.00,720.00,636.00,684.00,94,0
09/05/2008,16:00,654.00,708.00,534.00,552.00,195,0
09/12/2008,16:00,516.00,594.00,492.00,522.00,119,0
09/19/2008,16:00,492.06,534.00,426.00,450.00,244,0
09/26/2008,16:00,533.28,533.28,354.00,378.00,330,0
10/03/2008,16:00,374.16,473.28,330.00,348.00,289,0
10/10/2008,16:00,360.00,360.00,270.00,276.00,275,0
10/17/2008,16:00,318.00,360.72,318.00,354.00,239,0
10/24/2008,16:00,348.00,360.00,258.00,270.00,286,0
10/31/2008,16:00,222.00,306.00,210.00,282.00,155,0
11/07/2008,16:00,294.00,378.00,264.00,354.06,148,0
11/14/2008,16:00,342.00,660.00,264.00,348.00,289,0
11/21/2008,16:00,348.00,366.00,282.00,288.00,144,0
11/28/2008,16:00,286.80,318.00,276.00,312.00,84,0
12/05/2008,16:00,288.00,300.00,156.60,258.00,195,0
12/12/2008,16:00,210.06,342.00,210.06,312.00,269,0
12/19/2008,16:00,335.28,360.06,288.00,330.00,172,0
12/26/2008,16:00,324.00,342.00,192.00,270.72,199,0
01/02/2009,16:00,270.00,304.20,240.00,288.00,307,0
01/09/2009,16:00,300.00,330.00,282.00,294.06,129,0
01/16/2009,16:00,306.00,318.00,276.00,300.00,171,0
01/23/2009,16:00,317.28,420.72,300.00,390.00,78,0
01/30/2009,16:00,426.00,438.00,384.00,390.00,120,0
02/06/2009,16:00,378.00,660.00,360.00,540.00,145,0
02/13/2009,16:00,540.00,564.06,480.00,485.94,228,0
02/20/2009,16:00,480.00,498.00,360.00,390.00,144,0
02/27/2009,16:00,414.00,426.00,390.00,402.00,248,0
03/06/2009,16:00,402.00,684.00,390.00,570.00,581,0
03/13/2009,16:00,588.00,612.00,528.00,582.00,1006,0
03/20/2009,16:00,540.00,588.00,498.00,499.44,251,0
03/27/2009,16:00,486.00,522.00,480.00,481.20,121,0
04/03/2009,16:00,474.72,564.00,469.56,557.94,96,0
04/10/2009,16:00,552.00,582.00,522.00,570.00,101,0
04/17/2009,16:00,558.00,852.00,558.00,768.00,566,0
04/24/2009,16:00,744.00,744.00,618.00,684.00,198,0
05/01/2009,16:00,654.00,726.00,624.00,666.06,157,0
05/08/2009,16:00,668.88,816.00,666.00,780.06,213,0
05/15/2009,16:00,780.00,798.00,666.00,732.00,228,0
05/22/2009,16:00,732.00,846.00,726.00,726.00,317,0
05/29/2009,16:00,720.00,1086.00,720.00,1014.00,630,0
06/05/2009,16:00,1272.00,1950.00,1134.00,1134.00,2794,0
06/12/2009,16:00,1140.00,1182.00,1020.00,1080.00,656,0
06/19/2009,16:00,1230.00,1608.00,1056.00,1092.00,3907,0
06/26/2009,16:00,1098.00,1122.00,1008.00,1038.00,982,0
07/03/2009,16:00,1020.00,1104.00,966.00,1020.00,1724,0
07/10/2009,16:00,1050.00,1140.00,978.00,1044.00,1748,0
07/17/2009,16:00,1074.00,1086.00,1032.00,1056.00,793,0
07/24/2009,16:00,1068.00,1338.00,1056.00,1284.00,6497,0
07/31/2009,16:00,1356.00,1638.00,1206.00,1572.00,4702,0
08/07/2009,16:00,1668.00,1692.00,1290.00,1560.00,3956,0
08/14/2009,16:00,1566.00,1806.00,1500.00,1698.00,4606,0
08/21/2009,16:00,540.00,774.00,528.00,600.00,36244,0
08/28/2009,16:00,630.00,630.00,522.00,536.88,8639,0
09/04/2009,16:00,534.00,582.00,522.00,557.94,3643,0
09/11/2009,16:00,558.00,714.00,540.00,695.94,9650,0
09/18/2009,16:00,720.00,858.00,600.00,738.00,17369,0
09/25/2009,16:00,816.00,888.00,672.00,738.00,11908,0
10/02/2009,16:00,750.00,804.00,659.94,738.00,4026,0
10/09/2009,16:00,720.00,750.00,666.00,714.00,1929,0
10/16/2009,16:00,726.00,726.00,678.00,702.00,1539,0
10/23/2009,16:00,732.00,732.00,654.00,654.00,3955,0
10/30/2009,16:00,654.00,684.00,588.00,612.00,6099,0
11/06/2009,16:00,642.00,678.00,600.00,624.00,1613,0
11/13/2009,16:00,666.00,672.00,618.00,618.00,858,0
11/20/2009,16:00,624.00,630.00,570.78,594.00,693,0
11/27/2009,16:00,600.00,690.00,587.22,606.00,2854,0
12/04/2009,16:00,618.00,678.00,588.00,672.00,5258,0
12/11/2009,16:00,540.00,570.00,504.00,522.00,3469,0
12/18/2009,16:00,522.00,534.00,487.20,489.18,1663,0
12/25/2009,16:00,487.20,500.28,452.28,473.40,1522,0
01/01/2010,16:00,473.40,492.00,468.00,484.14,968,0
01/08/2010,16:00,485.82,522.00,474.00,497.94,1137,0
01/15/2010,16:00,510.00,558.00,482.76,504.00,2363,0
01/22/2010,16:00,504.00,558.00,482.70,558.00,2413,0
01/29/2010,16:00,600.00,660.00,498.00,510.30,9599,0
02/05/2010,16:00,504.30,541.08,486.00,486.00,1284,0
02/12/2010,16:00,498.00,521.64,481.44,508.68,788,0
02/19/2010,16:00,498.30,522.00,498.00,503.40,411,0
02/26/2010,16:00,498.00,515.94,480.06,498.00,750,0
03/05/2010,16:00,510.00,528.00,486.00,500.94,1152,0
03/12/2010,16:00,510.00,510.00,486.00,488.52,653,0
03/19/2010,16:00,486.00,492.00,474.00,480.00,694,0
03/26/2010,16:00,480.00,546.00,479.94,495.00,4778,0
04/02/2010,16:00,515.94,515.94,474.00,480.06,1214,0
04/09/2010,16:00,588.00,642.00,504.60,526.86,22045,0
04/16/2010,16:00,528.00,1092.00,522.90,750.00,88140,0
04/23/2010,16:00,774.00,792.00,636.00,702.00,32896,0
04/30/2010,16:00,708.00,750.00,648.00,720.00,25718,0
05/07/2010,16:00,774.00,1026.00,690.00,1008.00,88652,0
05/14/2010,16:00,1098.00,1314.00,1050.00,1116.00,109072,0
05/21/2010,16:00,1194.00,1224.00,948.00,1056.00,48929,0
05/28/2010,16:00,1068.00,1098.00,924.00,1014.00,18642,0
06/04/2010,16:00,1008.00,1098.00,918.00,1020.00,17181,0
06/11/2010,16:00,1050.00,1080.00,744.00,810.00,28157,0
06/18/2010,16:00,822.00,864.00,696.00,708.00,26897,0
06/25/2010,16:00,738.00,744.00,666.00,726.00,13505,0
07/02/2010,16:00,732.00,750.00,582.00,654.00,15314,0
07/09/2010,16:00,684.00,684.00,618.00,630.00,5410,0
07/16/2010,16:00,654.00,732.00,630.00,666.00,17606,0
07/23/2010,16:00,696.00,696.00,642.00,648.00,4793,0
07/30/2010,16:00,642.00,684.00,630.00,660.00,9099,0
08/06/2010,16:00,654.00,732.00,654.00,696.00,14107,0
08/13/2010,16:00,696.00,714.00,648.00,648.00,9435,0
08/20/2010,16:00,654.00,654.00,600.00,612.00,5850,0
08/27/2010,16:00,600.00,624.00,558.00,592.80,5556,0
09/03/2010,16:00,594.00,708.00,572.16,684.00,7728,0
09/10/2010,16:00,672.00,708.00,642.00,678.00,3928,0
09/17/2010,16:00,678.00,858.00,648.00,828.00,30315,0
09/24/2010,16:00,882.00,888.00,750.00,762.00,22359,0
10/01/2010,16:00,750.00,858.00,750.00,792.00,12532,0
10/08/2010,16:00,792.00,834.00,738.00,786.00,10594,0
10/15/2010,16:00,780.00,822.00,756.00,768.00,12916,0
10/22/2010,16:00,768.00,774.00,720.00,756.00,6110,0
10/29/2010,16:00,768.00,780.00,732.00,756.00,5904,0
11/05/2010,16:00,756.00,762.00,732.00,732.00,5830,0
11/12/2010,16:00,738.00,816.00,720.00,792.00,12083,0
11/19/2010,16:00,816.00,828.00,750.00,804.00,17997,0
11/26/2010,16:00,798.00,852.00,786.00,804.00,15411,0
12/03/2010,16:00,804.00,930.06,798.00,924.00,28304,0
12/10/2010,16:00,1014.00,1014.00,858.00,936.00,24592,0
12/17/2010,16:00,960.00,1128.00,888.00,1104.00,29218,0
12/24/2010,16:00,1152.00,1206.00,1044.00,1104.00,26803,0
12/31/2010,16:00,1140.00,1140.00,978.00,1032.00,10692,0
01/07/2011,16:00,1050.00,1080.00,1008.00,1026.00,9186,0
01/14/2011,16:00,1032.00,1062.00,966.00,978.00,11080,0
01/21/2011,16:00,984.00,1020.00,912.00,930.00,8003,0
01/28/2011,16:00,936.00,1032.00,918.00,990.00,11330,0
02/04/2011,16:00,984.00,996.00,930.00,966.00,5717,0
02/11/2011,16:00,966.00,1110.00,960.00,1062.00,17537,0
02/18/2011,16:00,1080.00,1098.00,984.00,1020.00,12323,0
02/25/2011,16:00,1008.00,1098.00,996.00,1086.00,14695,0
03/04/2011,16:00,1110.00,1134.00,1044.00,1086.00,14672,0
03/11/2011,16:00,1092.00,1254.00,1044.00,1104.00,29141,0
03/18/2011,16:00,1110.00,1110.06,1014.00,1056.00,11116,0
03/25/2011,16:00,1074.00,1110.00,1038.00,1074.00,13072,0
04/01/2011,16:00,1092.00,1218.00,1080.00,1176.00,43042,0
04/08/2011,16:00,1188.00,1200.00,1104.00,1128.00,17324,0
04/15/2011,16:00,1164.00,1170.00,1080.00,1161.00,16676,0
04/22/2011,16:00,1176.00,1326.00,1122.00,1296.00,52238,0
04/29/2011,16:00,1302.00,1608.00,1242.00,1416.00,56344,0
05/06/2011,16:00,1500.00,1500.00,1278.00,1350.00,30319,0
05/13/2011,16:00,1350.00,1482.00,1326.00,1374.00,19236,0
05/20/2011,16:00,1374.00,1379.94,1230.00,1350.00,19720,0
05/27/2011,16:00,1314.00,1434.06,1308.00,1422.60,12619,0
06/03/2011,16:00,1500.00,1584.00,1422.00,1452.00,19480,0
06/10/2011,16:00,1446.00,1470.00,1356.00,1368.00,22825,0
06/17/2011,16:00,1368.00,1386.00,1247.94,1278.00,13903,0
06/24/2011,16:00,1272.00,1374.00,1260.00,1326.00,10841,0
07/01/2011,16:00,1332.00,1374.00,1266.00,1362.00,13129,0
07/08/2011,16:00,1374.00,1410.00,1326.00,1386.00,9173,0
07/15/2011,16:00,1368.00,1446.00,1362.00,1380.00,12946,0
07/22/2011,16:00,1386.00,1386.06,1320.00,1350.00,7561,0
07/29/2011,16:00,1326.00,1350.00,1098.00,1188.00,19807,0
08/05/2011,16:00,1254.00,1254.00,906.00,996.00,20945,0
08/12/2011,16:00,858.00,1080.00,846.00,1062.00,18731,0
08/19/2011,16:00,1092.00,1170.00,1002.00,1026.00,15358,0
08/26/2011,16:00,1110.00,1134.00,1041.00,1092.00,7484,0
09/02/2011,16:00,1116.00,1290.00,1098.00,1158.00,14582,0
09/09/2011,16:00,1110.00,1236.00,1110.00,1158.00,10602,0
09/16/2011,16:00,1128.00,1224.00,1098.00,1128.00,10359,0
09/23/2011,16:00,1110.00,1116.00,948.00,990.00,10448,0
09/30/2011,16:00,1014.00,1044.00,864.00,912.00,10999,0
10/07/2011,16:00,912.00,978.00,810.00,942.00,10602,0
10/14/2011,16:00,972.00,1008.00,846.00,888.00,19080,0
10/21/2011,16:00,882.00,924.00,828.00,900.00,9300,0
10/28/2011,16:00,912.00,1062.00,900.00,1050.00,21312,0
11/04/2011,16:00,1080.00,1080.00,942.00,966.00,11540,0
11/11/2011,16:00,960.00,960.00,870.00,960.00,9122,0
11/18/2011,16:00,996.00,1092.00,966.00,1008.00,14203,0
11/25/2011,16:00,984.00,1020.00,948.00,978.00,4714,0
12/02/2011,16:00,1032.00,1032.00,948.00,984.00,8224,0
12/09/2011,16:00,1002.00,1086.00,984.00,1044.00,15955,0
12/16/2011,16:00,1050.00,1074.00,912.00,930.00,11581,0
12/23/2011,16:00,942.00,972.00,900.00,948.00,5006,0
12/30/2011,16:00,948.00,954.00,894.00,924.00,4130,0
01/06/2012,16:00,942.00,990.00,912.00,990.00,3371,0
01/13/2012,16:00,996.00,1026.00,960.00,990.00,5103,0
01/20/2012,16:00,990.00,1044.00,972.00,1008.00,4672,0
01/27/2012,16:00,996.00,1008.00,882.00,984.00,8041,0
02/03/2012,16:00,996.00,1122.00,978.00,1098.00,11302,0
02/10/2012,16:00,1104.00,1116.00,978.00,984.00,6230,0
02/17/2012,16:00,1020.00,1092.00,960.00,984.00,7148,0
02/24/2012,16:00,960.00,984.00,936.00,948.00,4655,0
03/02/2012,16:00,960.00,1050.00,942.00,1050.00,12057,0
03/09/2012,16:00,1128.00,1299.84,1056.00,1098.00,48094,0
03/16/2012,16:00,1116.00,1122.00,1020.00,1122.00,12209,0
03/23/2012,16:00,1158.00,1194.60,1110.00,1170.00,12355,0
03/30/2012,16:00,1200.00,1284.00,1146.00,1284.00,18973,0
04/06/2012,16:00,444.00,486.00,384.90,479.40,75872,0
04/13/2012,16:00,498.00,506.64,396.00,402.00,25303,0
04/20/2012,16:00,414.00,414.00,366.48,375.00,13444,0
04/27/2012,16:00,368.40,400.44,360.00,372.90,10240,0
05/04/2012,16:00,375.00,390.00,336.90,356.22,5155,0
05/11/2012,16:00,378.00,378.00,319.80,336.00,9006,0
05/18/2012,16:00,336.00,342.00,258.00,273.00,12046,0
05/25/2012,16:00,270.00,312.00,264.00,282.00,6090,0
06/01/2012,16:00,275.40,305.82,258.00,281.94,6818,0
06/08/2012,16:00,258.00,276.00,246.90,261.66,7247,0
06/15/2012,16:00,258.00,270.00,226.02,268.50,6466,0
06/22/2012,16:00,270.00,288.12,252.00,280.74,6094,0
06/29/2012,16:00,285.00,380.94,270.00,303.00,22363,0
07/06/2012,16:00,330.00,330.00,291.00,300.42,5242,0
07/13/2012,16:00,297.00,305.34,276.60,282.66,6021,0
07/20/2012,16:00,282.00,282.72,258.00,262.20,4625,0
07/27/2012,16:00,262.20,312.00,246.00,246.00,7578,0
08/03/2012,16:00,246.00,256.20,229.50,235.80,4968,0
08/10/2012,16:00,240.00,257.40,226.56,255.00,4639,0
08/17/2012,16:00,258.00,312.00,246.00,264.00,11975,0
08/24/2012,16:00,270.00,309.00,258.00,306.00,6809,0
08/31/2012,16:00,295.80,321.60,282.00,285.66,5001,0
09/07/2012,16:00,288.00,329.82,279.00,317.88,7830,0
09/14/2012,16:00,351.00,414.00,307.56,367.20,22069,0
09/21/2012,16:00,361.20,562.80,360.00,506.40,48596,0
09/28/2012,16:00,491.52,504.00,336.60,420.00,29714,0
10/05/2012,16:00,439.74,455.40,276.00,309.00,37680,0
10/12/2012,16:00,302.00,355.00,235.00,243.00,82223,0
10/19/2012,16:00,246.00,246.00,227.00,228.00,43176,0
10/26/2012,16:00,226.00,232.00,200.00,216.00,20804,0
11/02/2012,16:00,213.00,225.00,212.00,220.00,7067,0
11/09/2012,16:00,220.00,237.00,212.00,220.00,27343,0
11/16/2012,16:00,212.00,221.00,175.00,193.00,22088,0
11/23/2012,16:00,196.00,224.00,190.00,214.00,19697,0
11/30/2012,16:00,214.00,235.00,210.00,227.00,18899,0
12/07/2012,16:00,230.00,239.00,212.00,221.00,16497,0
12/14/2012,16:00,217.00,231.00,212.00,219.00,17271,0
12/21/2012,16:00,218.00,235.00,215.00,221.00,18224,0
12/28/2012,16:00,220.00,272.00,215.00,247.00,85990,0
01/04/2013,16:00,251.00,272.00,232.00,257.00,59591,0
01/11/2013,16:00,260.00,275.00,251.00,274.00,32178,0
01/18/2013,16:00,277.00,284.00,249.00,259.00,27101,0
01/25/2013,16:00,260.00,262.00,255.00,259.00,10912,0
02/01/2013,16:00,262.00,345.00,262.00,289.00,116505,0
02/08/2013,16:00,291.00,317.00,267.00,302.00,51823,0
02/15/2013,16:00,304.00,304.00,260.00,265.00,33111,0
02/22/2013,16:00,265.00,275.00,248.00,258.00,19594,0
03/01/2013,16:00,258.00,260.00,236.00,251.50,14099,0
03/08/2013,16:00,255.00,267.00,239.00,262.00,11902,0
03/15/2013,16:00,257.00,258.00,185.00,193.00,64199,0
03/22/2013,16:00,192.00,200.00,184.00,196.00,18502,0
03/29/2013,16:00,195.00,200.00,185.00,188.00,11035,0
04/05/2013,16:00,188.00,188.00,170.00,178.00,12498,0
04/12/2013,16:00,178.00,211.00,175.00,198.00,17375,0
04/19/2013,16:00,197.00,204.00,175.00,177.50,9624,0
04/26/2013,16:00,176.00,187.00,173.00,181.00,6357,0
05/03/2013,16:00,180.00,187.00,174.20,179.00,6773,0
05/10/2013,16:00,182.00,192.00,179.00,187.00,10469,0
05/17/2013,16:00,188.00,218.00,186.00,210.00,13564,0
05/24/2013,16:00,210.00,213.00,196.00,202.00,8052,0
05/31/2013,16:00,202.00,210.00,201.00,207.00,13560,0
06/07/2013,16:00,212.00,212.00,186.50,190.50,19102,0
06/14/2013,16:00,194.00,200.00,187.00,193.00,8187,0
06/21/2013,16:00,194.00,194.00,181.00,189.00,11151,0
06/28/2013,16:00,185.00,190.00,179.00,186.00,4286,0
07/05/2013,16:00,188.00,192.00,185.00,188.28,2342,0
07/12/2013,16:00,188.00,204.00,187.00,193.00,9391,0
07/19/2013,16:00,194.00,195.90,185.00,188.00,5274,0
07/26/2013,16:00,190.00,191.00,135.00,139.00,85022,0
08/02/2013,16:00,140.00,146.00,138.00,143.00,31436,0
08/09/2013,16:00,143.00,151.90,140.00,149.00,29741,0
08/16/2013,16:00,150.00,150.00,137.00,138.00,17095,0
08/23/2013,16:00,138.00,149.00,135.00,146.00,15462,0
08/30/2013,16:00,146.00,149.00,142.00,147.00,10957,0
09/06/2013,16:00,148.00,175.00,144.00,168.00,20859,0
09/13/2013,16:00,166.00,170.00,152.00,154.00,14889,0
09/20/2013,16:00,157.00,160.00,152.00,155.00,8441,0
09/27/2013,16:00,153.00,158.00,150.00,154.00,10156,0
10/04/2013,16:00,152.00,155.00,147.00,151.00,12022,0
10/11/2013,16:00,151.00,151.00,140.00,146.00,10783,0
10/18/2013,16:00,145.00,150.00,142.00,143.00,11787,0
10/25/2013,16:00,143.00,145.00,137.90,141.00,12487,0
11/01/2013,16:00,142.00,142.00,135.00,135.00,7976,0
11/08/2013,16:00,135.00,145.99,131.00,135.00,18298,0
11/15/2013,16:00,134.00,174.00,125.00,165.00,62078,0
11/22/2013,16:00,167.00,170.00,99.00,105.00,284922,0
11/29/2013,16:00,109.00,118.00,106.00,115.00,114287,0
12/06/2013,16:00,112.00,117.00,110.00,110.00,80365,0
12/13/2013,16:00,112.00,130.00,106.00,127.00,118977,0
12/20/2013,16:00,128.00,130.00,115.00,120.00,64550,0
12/27/2013,16:00,121.00,155.00,118.00,141.50,115480,0
01/03/2014,16:00,148.00,150.00,135.00,146.00,60412,0
01/10/2014,16:00,149.00,162.00,112.00,125.00,306948,0
01/17/2014,16:00,129.00,137.00,121.00,132.00,131450,0
01/24/2014,16:00,135.00,139.00,127.00,129.00,84432,0
01/31/2014,16:00,130.00,131.00,121.00,127.00,63786,0
02/07/2014,16:00,127.00,131.00,121.00,128.50,59419,0
02/14/2014,16:00,128.00,133.00,125.00,128.00,47485,0
02/21/2014,16:00,128.00,134.00,125.00,131.00,38666,0
02/28/2014,16:00,133.00,134.00,125.00,125.00,39454,0
03/07/2014,16:00,125.00,129.00,123.00,128.00,44133,0
03/14/2014,16:00,128.00,152.00,125.00,127.00,110149,0
03/21/2014,16:00,129.00,133.00,125.00,126.00,67543,0
03/28/2014,16:00,126.00,127.99,116.00,120.00,51790,0
04/04/2014,16:00,119.00,125.00,115.00,118.00,28420,0
04/11/2014,16:00,119.00,123.00,113.00,113.00,24132,0
04/18/2014,16:00,113.00,116.00,102.00,115.00,24308,0
04/25/2014,16:00,115.00,120.00,113.00,115.00,17610,0
05/02/2014,16:00,115.00,116.00,110.00,113.00,15002,0
05/09/2014,16:00,112.00,115.00,102.00,105.00,20931,0
05/16/2014,16:00,107.00,113.00,102.00,108.00,18536,0
05/23/2014,16:00,108.00,111.00,103.00,107.00,16697,0
05/30/2014,16:00,108.00,114.00,106.00,109.00,24458,0
06/06/2014,16:00,109.00,110.99,104.00,107.00,15046,0
06/13/2014,16:00,107.00,116.00,106.00,109.00,27438,0
06/20/2014,16:00,107.00,111.00,107.00,111.00,13362,0
06/27/2014,16:00,112.00,115.00,109.00,111.00,16718,0
07/04/2014,16:00,111.00,135.00,111.00,131.00,92904,0
07/11/2014,16:00,128.00,130.00,120.00,125.00,53353,0
07/18/2014,16:00,126.00,128.00,116.00,119.00,51662,0
07/25/2014,16:00,120.00,123.00,116.00,119.00,36157,0
08/01/2014,16:00,118.00,119.00,113.00,114.00,23662,0
08/08/2014,16:00,114.00,119.00,112.00,116.50,19378,0
08/15/2014,16:00,117.00,128.00,116.00,126.00,35910,0
08/22/2014,16:00,128.00,136.00,124.00,129.00,43983,0
08/29/2014,16:00,130.00,152.00,129.00,150.00,113433,0
09/05/2014,16:00,154.00,154.00,137.00,141.00,64420,0
09/12/2014,16:00,142.00,142.00,132.00,136.50,51776,0
09/19/2014,16:00,138.00,146.00,134.00,136.00,70664,0
09/26/2014,16:00,135.00,140.00,131.00,133.00,36357,0
10/03/2014,16:00,131.00,135.00,130.00,134.00,35177,0
10/10/2014,16:00,135.00,136.00,128.00,128.00,40246,0
10/17/2014,16:00,129.00,131.00,82.00,107.99,116588,0
10/24/2014,16:00,106.00,122.00,106.00,117.00,41568,0
10/31/2014,16:00,123.00,134.00,106.00,112.00,145696,0
11/07/2014,16:00,119.00,135.00,54.60,56.70,451145,0
11/14/2014,16:00,56.00,65.00,55.50,56.00,100606,0
11/21/2014,16:00,56.25,60.00,48.00,53.30,63230,0
11/28/2014,16:00,54.00,54.96,51.00,52.00,20548,0
12/05/2014,16:00,56.70,83.00,55.00,64.00,151779,0
12/12/2014,16:00,64.95,72.00,57.00,59.92,29999,0
12/19/2014,16:00,62.50,64.00,58.00,61.16,28942,0
12/26/2014,16:00,62.20,62.20,58.00,58.95,17437,0
01/02/2015,16:00,57.00,67.00,56.51,60.01,30024,0
01/09/2015,16:00,61.37,61.80,56.00,61.00,19459,0
01/16/2015,16:00,63.95,64.34,55.10,57.86,18097,0
01/23/2015,16:00,55.10,57.84,51.10,52.00,15365,0
01/30/2015,16:00,52.00,55.03,50.25,53.00,18055,0
02/06/2015,16:00,52.00,54.79,51.00,52.20,10911,0
02/13/2015,16:00,52.05,57.00,52.04,53.44,17978,0
02/20/2015,16:00,52.88,73.00,52.88,60.10,50603,0
02/27/2015,16:00,59.50,66.92,58.00,64.80,31392,0
03/06/2015,16:00,63.80,88.90,49.15,54.01,325252,0
03/13/2015,16:00,55.00,55.40,49.50,51.00,139974,0
03/20/2015,16:00,52.00,62.00,50.25,60.00,171147,0
03/27/2015,16:00,61.00,62.78,49.31,53.00,131593,0
04/03/2015,16:00,53.70,55.50,51.91,55.00,45381,0
04/10/2015,16:00,55.00,55.50,51.10,51.51,50712,0
04/17/2015,16:00,54.50,68.00,53.50,64.10,208144,0
04/24/2015,16:00,66.00,67.20,55.00,56.60,97317,0
05/01/2015,16:00,56.00,66.00,55.00,55.45,82397,0
05/08/2015,16:00,56.50,57.99,49.00,50.80,146767,0
05/15/2015,16:00,50.15,51.00,40.10,43.05,180596,0
05/22/2015,16:00,43.00,43.00,27.25,30.10,332787,0
05/29/2015,16:00,33.00,33.00,26.13,29.30,191300,0
06/05/2015,16:00,29.60,31.00,27.60,27.87,205189,0
06/12/2015,16:00,28.50,30.00,27.61,28.20,172175,0
06/19/2015,16:00,29.00,31.38,27.20,28.30,305259,0
06/26/2015,16:00,28.31,29.29,26.16,28.01,230888,0
07/03/2015,16:00,28.43,28.60,25.13,27.20,157111,0
07/10/2015,16:00,26.88,26.88,22.60,23.82,211282,0
07/17/2015,16:00,24.80,24.89,20.50,21.90,173405,0
07/24/2015,16:00,21.85,22.01,19.32,20.73,190052,0
07/31/2015,16:00,21.20,21.20,17.70,18.16,227038,0
08/07/2015,16:00,19.00,19.00,15.50,17.11,189149,0
08/14/2015,16:00,16.27,20.14,10.02,14.49,883942,0
08/21/2015,16:00,15.00,15.00,10.00,10.11,645850,0
08/28/2015,16:00,9.55,10.00,8.00,8.53,593756,0
09/04/2015,16:00,8.80,9.98,7.68,8.10,809905,0
09/11/2015,16:00,8.31,8.31,5.72,5.88,722014,0
09/18/2015,16:00,5.98,12.60,5.00,11.85,1962850,0
09/25/2015,16:00,9.57,10.40,7.00,8.81,2956082,0
10/02/2015,16:00,9.68,11.00,8.08,9.05,1856313,0
10/09/2015,16:00,9.35,9.69,8.41,8.85,775639,0
10/16/2015,16:00,8.90,9.00,5.50,5.62,1769235,0
10/23/2015,16:00,5.50,7.00,5.05,5.49,949548,0
10/30/2015,16:00,5.80,5.90,4.00,4.25,1061929,0
11/06/2015,16:00,4.55,7.25,4.31,5.70,2020670,0
11/13/2015,16:00,6.16,7.00,4.50,4.61,956593,0
11/20/2015,16:00,5.00,5.00,3.19,4.23,1669201,0
11/27/2015,16:00,4.58,15.70,4.50,11.06,58064732,0
12/04/2015,16:00,9.43,11.50,7.77,7.94,9966036,0
12/11/2015,16:00,7.64,7.97,4.40,4.42,9919858,0
12/18/2015,16:00,4.37,5.25,4.12,4.58,7420610,0
12/25/2015,16:00,4.68,5.55,4.55,4.95,5731854,0
01/01/2016,16:00,4.83,5.03,4.40,4.48,2908050,0
01/08/2016,16:00,4.45,4.45,3.25,3.29,3401377,0
01/15/2016,16:00,3.29,3.46,2.60,2.67,2817629,0
01/22/2016,16:00,3.23,3.81,2.80,3.06,10790648,0
01/29/2016,16:00,3.24,3.94,3.07,3.25,5522640,0
02/05/2016,16:00,3.24,3.24,2.82,3.09,1137746,0
02/12/2016,16:00,3.17,3.17,2.71,2.89,724627,0
02/19/2016,16:00,2.96,3.33,2.90,3.02,947926,0
02/26/2016,16:00,3.11,3.29,2.96,3.02,1762112,0
03/04/2016,16:00,3.05,4.49,2.89,3.72,4722701,0
03/11/2016,16:00,3.65,4.05,3.40,3.76,1265812,0
03/18/2016,16:00,3.67,3.95,3.41,3.58,760559,0
03/25/2016,16:00,3.63,3.75,3.36,3.40,545400,0
04/01/2016,16:00,3.40,3.64,3.15,3.53,1392326,0
04/08/2016,16:00,3.50,3.73,3.35,3.60,950161,0
04/15/2016,16:00,3.62,4.35,3.54,4.24,1525929,0
04/22/2016,16:00,4.33,4.58,4.00,4.18,1099105,0
04/29/2016,16:00,4.10,4.59,3.96,4.05,1636760,0
05/06/2016,16:00,4.01,4.16,3.21,3.42,1151966,0
05/13/2016,16:00,3.45,3.84,3.24,3.33,988851,0
05/20/2016,16:00,3.37,3.55,3.30,3.45,615363,0
05/27/2016,16:00,3.47,3.67,3.32,3.50,533996,0
06/03/2016,16:00,3.47,3.59,3.34,3.37,352669,0
06/10/2016,16:00,3.34,3.84,3.34,3.53,798144,0
06/17/2016,16:00,3.51,3.66,3.41,3.57,598471,0
06/24/2016,16:00,3.60,3.62,3.21,3.22,573200,0
07/01/2016,16:00,3.29,4.05,2.96,3.61,4160507,0
07/08/2016,16:00,3.60,3.60,3.25,3.30,960969,0
07/15/2016,16:00,3.36,3.66,3.30,3.57,843527,0
07/22/2016,16:00,3.55,3.58,3.36,3.44,628203,0
07/29/2016,16:00,3.38,3.44,3.28,3.37,427918,0
08/05/2016,16:00,3.59,3.59,3.35,3.46,419933,0
08/12/2016,16:00,3.47,3.64,3.40,3.61,617191,0
08/19/2016,16:00,3.62,3.75,3.55,3.68,370104,0
08/26/2016,16:00,3.68,3.81,3.60,3.72,385487,0
09/02/2016,16:00,3.74,3.74,3.51,3.53,317677,0
09/09/2016,16:00,3.55,3.74,3.51,3.60,389383,0
09/16/2016,16:00,3.61,3.70,3.23,3.35,494293,0
09/23/2016,16:00,3.36,3.51,3.30,3.46,513508,0
09/30/2016,16:00,3.48,3.50,3.36,3.44,459671,0
10/07/2016,16:00,3.46,3.47,3.32,3.39,500707,0
10/14/2016,16:00,3.40,4.90,3.30,3.74,7652642,0
10/21/2016,16:00,3.72,5.59,3.72,4.94,5749527,0
10/28/2016,16:00,5.04,5.08,3.71,3.82,2386466,0
11/04/2016,16:00,3.80,4.05,3.30,3.45,895512,0
11/11/2016,16:00,3.50,3.63,3.25,3.50,2450927,0
11/18/2016,16:00,3.55,3.60,3.25,3.50,734188,0
11/25/2016,16:00,3.50,3.50,3.35,3.40,441256,0
12/02/2016,16:00,3.45,3.55,3.30,3.45,684029,0
12/09/2016,16:00,3.45,3.91,3.40,3.80,1762971,0
12/16/2016,16:00,3.90,3.90,3.65,3.70,1034775,0
12/23/2016,16:00,3.85,4.25,3.75,4.10,1417893,0
12/30/2016,16:00,4.15,4.15,3.49,3.60,964506,0
01/06/2017,16:00,3.70,3.75,2.35,2.75,3370251,0
01/13/2017,16:00,2.75,2.80,2.40,2.55,1281666,0
01/20/2017,16:00,2.55,3.10,2.55,2.70,1672270,0
01/27/2017,16:00,2.75,2.75,2.35,2.55,679341,0
02/03/2017,16:00,2.60,3.45,2.50,2.95,3829194,0
02/10/2017,16:00,2.95,3.10,2.75,3.05,785401,0
02/17/2017,16:00,3.40,3.45,3.20,3.35,1470787,0
02/24/2017,16:00,3.35,3.35,3.00,3.00,701452,0
03/03/2017,16:00,3.00,3.30,3.00,3.00,599817,0
03/10/2017,16:00,3.00,3.30,2.90,3.05,681115,0
03/17/2017,16:00,3.05,3.15,2.85,3.00,585170,0
03/24/2017,16:00,3.05,3.05,2.65,2.90,784631,0
03/31/2017,16:00,2.90,3.25,2.85,3.00,1416733,0
04/07/2017,16:00,3.00,3.15,2.90,2.95,720844,0
04/14/2017,16:00,3.00,3.05,2.90,2.98,610390,0
04/21/2017,16:00,3.00,3.00,2.75,2.95,803465,0
04/28/2017,16:00,2.95,3.75,2.90,3.35,1970950,0
05/05/2017,16:00,1.45,1.50,0.83,0.89,10637992,0
05/12/2017,16:00,0.88,0.95,0.78,0.84,1456806,0
05/19/2017,16:00,0.86,0.89,0.82,0.86,633566,0
05/26/2017,16:00,0.86,1.21,0.85,1.18,3533506,0
06/02/2017,16:00,1.18,1.18,0.99,1.03,1714277,0
06/09/2017,16:00,1.00,1.15,1.00,1.08,2206968,0
06/16/2017,16:00,1.08,1.10,0.95,0.97,1112757,0
06/23/2017,16:00,0.95,1.00,0.89,0.97,942869,0
06/30/2017,16:00,1.00,1.05,0.90,1.00,799070,0
07/07/2017,16:00,1.00,1.06,0.97,1.01,788058,0
07/14/2017,16:00,1.00,1.13,0.98,1.08,1407068,0
07/21/2017,16:00,1.11,3.29,1.02,2.87,128487513,0
07/28/2017,16:00,2.70,2.73,2.05,2.18,17161364,0
08/04/2017,16:00,2.18,2.20,1.52,1.97,8258247,0
08/11/2017,16:00,2.00,2.30,1.65,2.04,7039169,0
08/18/2017,16:00,2.05,2.21,1.67,1.88,3789996,0
08/25/2017,16:00,1.89,1.98,1.80,1.94,1387765,0
09/01/2017,16:00,1.91,2.04,1.85,1.92,1194026,0
09/08/2017,16:00,1.86,1.94,1.80,1.84,584035,0
09/15/2017,16:00,1.84,2.08,1.84,1.91,1711003,0
09/22/2017,16:00,1.94,2.33,1.91,2.13,4123056,0
09/29/2017,16:00,2.12,2.25,2.02,2.03,1575103,0
10/06/2017,16:00,2.05,2.17,1.98,2.12,2002251,0
10/13/2017,16:00,2.15,2.47,2.05,2.26,6037807,0
10/20/2017,16:00,2.29,2.30,1.92,2.03,1505870,0
10/27/2017,16:00,2.03,2.06,1.81,1.88,1186187,0
11/03/2017,16:00,1.83,1.94,1.83,1.91,455008,0
11/10/2017,16:00,1.88,2.09,1.85,2.05,1317841,0
11/17/2017,16:00,2.10,2.10,1.89,1.92,775494,0
11/24/2017,16:00,1.90,2.20,1.90,2.10,2033805,0
12/01/2017,16:00,2.06,2.13,1.93,1.96,1653356,0
12/08/2017,16:00,2.02,2.26,1.96,2.23,2649183,0
12/15/2017,16:00,2.30,2.40,2.06,2.08,1780365,0
12/22/2017,16:00,2.08,3.25,1.95,2.45,13349117,0
12/29/2017,16:00,2.41,2.58,2.32,2.36,2199981,0
01/05/2018,16:00,2.40,2.42,2.21,2.35,1334647,0
01/12/2018,16:00,2.35,2.37,2.10,2.17,948322,0
01/19/2018,16:00,2.15,3.07,2.06,2.28,17918251,0
01/26/2018,16:00,2.28,2.47,2.24,2.39,1746435,0
02/02/2018,16:00,2.40,2.40,2.04,2.09,1091212,0
02/09/2018,16:00,2.05,2.12,1.70,1.91,1552041,0
02/16/2018,16:00,1.90,1.99,1.80,1.90,567359,0
02/23/2018,16:00,1.90,1.94,1.85,1.88,288962,0
03/02/2018,16:00,1.90,1.95,1.67,1.79,513462,0
03/09/2018,16:00,1.78,1.80,1.57,1.69,876922,0
03/16/2018,16:00,1.70,1.72,1.61,1.69,402811,0
03/23/2018,16:00,1.70,1.70,1.57,1.60,347973,0
03/30/2018,16:00,1.50,1.67,1.45,1.46,595943,0
04/06/2018,16:00,1.45,1.49,1.12,1.35,966023,0
04/13/2018,16:00,1.36,1.45,1.30,1.44,340152,0
04/20/2018,16:00,1.40,1.60,1.38,1.56,362735,0
04/27/2018,16:00,1.55,1.68,1.51,1.67,397354,0
05/04/2018,16:00,1.69,1.90,1.65,1.87,487299,0
05/11/2018,16:00,1.87,2.19,1.65,1.79,1371915,0
05/18/2018,16:00,1.87,1.98,1.80,1.88,1057096,0
05/25/2018,16:00,1.96,2.18,1.89,2.16,1134512,0
06/01/2018,16:00,2.10,2.65,2.10,2.37,3178414,0
06/08/2018,16:00,2.40,2.40,1.99,2.12,1384562,0
06/15/2018,16:00,2.10,2.26,2.08,2.14,680585,0
06/22/2018,16:00,2.15,2.22,2.10,2.11,576575,0
06/29/2018,16:00,2.12,2.14,1.80,1.95,678368,0
07/06/2018,16:00,1.94,2.04,1.91,2.03,163242,0
07/13/2018,16:00,2.00,2.08,1.94,1.96,299737,0
07/20/2018,16:00,1.98,1.98,1.87,1.92,246271,0
07/27/2018,16:00,1.88,1.94,1.70,1.77,316534,0
08/03/2018,16:00,1.80,1.97,1.78,1.97,266029,0
08/10/2018,16:00,1.97,2.06,1.65,1.94,533340,0
08/17/2018,16:00,1.90,1.94,1.79,1.82,233527,0
08/24/2018,16:00,1.80,1.90,1.77,1.79,269334,0
08/31/2018,16:00,1.80,1.86,1.72,1.82,302950,0
09/07/2018,16:00,1.80,1.84,1.71,1.75,219388,0
09/14/2018,16:00,1.73,1.74,1.60,1.60,312646,0
09/21/2018,16:00,1.61,1.76,1.61,1.73,330727,0
09/28/2018,16:00,1.71,1.78,1.69,1.74,171973,0
10/05/2018,16:00,1.72,1.82,1.72,1.74,260375,0
10/12/2018,16:00,1.73,1.74,1.54,1.54,399256,0
10/19/2018,16:00,1.54,1.62,1.37,1.46,263205,0
10/26/2018,16:00,1.45,1.50,1.29,1.30,342442,0
11/02/2018,16:00,1.33,2.29,1.29,2.23,20779687,0
11/09/2018,16:00,2.30,2.49,2.04,2.26,2553326,0
11/16/2018,16:00,2.28,2.94,2.28,2.90,5471232,0
11/23/2018,16:00,2.80,3.08,2.50,2.92,3165359,0
11/30/2018,16:00,2.82,3.39,2.81,3.38,2082739,0
12/07/2018,16:00,3.60,3.92,3.20,3.67,2926756,0
12/14/2018,16:00,3.70,3.73,2.81,2.85,1895708,0
12/21/2018,16:00,2.78,3.19,2.54,2.59,1248373,0
12/28/2018,16:00,2.61,3.06,2.47,2.97,814099,0
01/04/2019,16:00,3.03,3.45,2.85,3.41,766855,0
01/11/2019,16:00,3.56,3.89,3.29,3.69,1780006,0
01/18/2019,16:00,3.80,4.14,3.47,3.54,5681119,0
01/25/2019,16:00,3.55,3.68,3.41,3.63,634442,0
02/01/2019,16:00,3.65,4.05,3.59,3.96,1375270,0
02/08/2019,16:00,3.96,4.34,3.91,4.15,1717273,0
02/15/2019,16:00,4.13,4.25,3.83,3.93,1014820,0
02/22/2019,16:00,3.99,4.28,3.93,4.13,765337,0
03/01/2019,16:00,4.10,4.39,3.90,4.00,1204493,0
03/08/2019,16:00,3.96,4.02,3.50,3.65,1249587,0
03/15/2019,16:00,3.67,4.04,3.60,3.96,1160087,0
03/22/2019,16:00,3.99,4.33,3.89,4.14,1349550,0
03/29/2019,16:00,4.13,4.71,4.00,4.65,1491976,0
04/05/2019,16:00,4.71,5.57,4.66,5.43,2611335,0
04/12/2019,16:00,5.38,5.49,4.54,4.60,1237683,0
