"Date","Time","Open","High","Low","Close","Vol","OI"
01/05/1990,16:00,3.94,4.13,3.69,3.81,5686000,0
01/12/1990,16:00,3.81,3.88,3.69,3.75,3973000,0
01/19/1990,16:00,3.75,3.94,3.56,3.75,3131600,0
01/26/1990,16:00,3.75,3.88,3.56,3.69,2252800,0
02/02/1990,16:00,3.69,3.75,3.50,3.50,2500600,0
02/09/1990,16:00,3.50,3.69,3.44,3.63,2115800,0
02/16/1990,16:00,3.63,3.69,3.50,3.63,882600,0
02/23/1990,16:00,3.63,3.94,3.50,3.88,3527200,0
03/02/1990,16:00,3.88,4.56,3.88,4.50,7409000,0
03/09/1990,16:00,4.50,4.69,4.38,4.50,3566400,0
03/16/1990,16:00,4.50,4.69,4.38,4.63,3848400,0
03/23/1990,16:00,4.63,5.06,4.50,4.94,9049600,0
03/30/1990,16:00,4.94,5.00,4.50,4.56,3237600,0
04/06/1990,16:00,4.56,4.75,4.44,4.44,3153600,0
04/13/1990,16:00,4.44,4.56,4.19,4.44,2106000,0
04/20/1990,16:00,4.44,4.50,4.13,4.31,3681200,0
04/27/1990,16:00,4.31,4.38,4.06,4.31,2988200,0
05/04/1990,16:00,4.31,4.44,4.13,4.19,1828800,0
05/11/1990,16:00,4.19,4.75,4.19,4.75,6284200,0
05/18/1990,16:00,4.75,5.31,4.69,5.19,11461400,0
05/25/1990,16:00,5.19,5.63,5.00,5.38,11076000,0
06/01/1990,16:00,5.38,5.69,5.19,5.25,4779600,0
06/08/1990,16:00,5.25,5.38,4.75,4.81,7690600,0
06/15/1990,16:00,4.81,5.00,4.63,4.69,8675200,0
06/22/1990,16:00,4.69,4.75,4.44,4.50,3506800,0
06/29/1990,16:00,4.50,4.75,4.44,4.75,3319200,0
07/06/1990,16:00,4.75,4.88,4.63,4.81,2630600,0
07/13/1990,16:00,4.81,4.81,4.50,4.81,3908200,0
07/20/1990,16:00,4.81,4.81,3.56,3.63,4683600,0
07/27/1990,16:00,3.63,3.69,3.38,3.56,5544800,0
08/03/1990,16:00,3.56,3.56,2.81,3.06,4491200,0
08/10/1990,16:00,2.94,2.94,2.44,2.75,7258200,0
08/17/1990,16:00,2.75,3.13,2.75,2.88,8630400,0
08/24/1990,16:00,2.88,2.94,2.63,2.75,3239600,0
08/31/1990,16:00,2.81,2.94,2.56,2.69,3725800,0
09/07/1990,16:00,2.69,3.13,2.69,3.13,3178800,0
09/14/1990,16:00,3.13,3.25,2.75,2.88,3130200,0
09/21/1990,16:00,2.88,2.88,2.69,2.75,1746400,0
09/28/1990,16:00,2.75,2.75,2.44,2.56,3018000,0
10/05/1990,16:00,2.56,2.88,2.38,2.50,2819000,0
10/12/1990,16:00,2.50,2.56,1.81,2.00,7971800,0
10/19/1990,16:00,2.00,2.13,1.88,2.00,2446000,0
10/26/1990,16:00,2.00,2.13,1.94,2.06,2153400,0
11/02/1990,16:00,2.06,2.06,1.88,1.88,1690800,0
11/09/1990,16:00,1.88,2.00,1.88,1.94,1602800,0
11/16/1990,16:00,2.06,2.44,2.06,2.13,4944000,0
11/23/1990,16:00,2.13,2.19,2.00,2.00,1546200,0
11/30/1990,16:00,2.00,2.19,2.00,2.19,2865400,0
12/07/1990,16:00,2.19,2.38,2.13,2.31,4088600,0
12/14/1990,16:00,2.31,2.56,2.25,2.44,4690200,0
12/21/1990,16:00,2.44,2.69,2.31,2.69,7219800,0
12/28/1990,16:00,2.63,2.63,2.38,2.38,1729800,0
01/04/1991,16:00,2.38,2.63,2.00,2.56,2505400,0
01/11/1991,16:00,2.56,2.56,2.38,2.50,2911800,0
01/18/1991,16:00,2.44,3.00,2.31,2.81,10227000,0
01/25/1991,16:00,2.81,3.75,2.69,3.63,13894800,0
02/01/1991,16:00,3.63,3.75,3.38,3.75,7099200,0
02/08/1991,16:00,3.75,4.13,3.75,3.94,12412800,0
02/15/1991,16:00,3.94,4.13,3.88,3.94,6607800,0
02/22/1991,16:00,3.94,4.13,3.75,3.88,5360800,0
03/01/1991,16:00,3.88,4.25,3.63,4.00,8210000,0
03/08/1991,16:00,4.19,5.06,4.19,4.69,21334800,0
03/15/1991,16:00,4.69,5.19,4.50,5.13,10838400,0
03/22/1991,16:00,5.13,5.69,5.00,5.63,14887800,0
03/29/1991,16:00,5.63,5.88,5.00,5.25,10953200,0
04/05/1991,16:00,5.19,5.81,5.00,5.69,10041200,0
04/12/1991,16:00,5.69,6.88,5.63,6.81,21580600,0
04/19/1991,16:00,6.81,7.13,6.56,6.75,15567400,0
04/26/1991,16:00,6.72,6.72,6.00,6.19,12185200,0
05/03/1991,16:00,6.19,6.38,5.81,6.06,9439400,0
05/10/1991,16:00,6.06,6.38,5.75,6.13,7347600,0
05/17/1991,16:00,6.13,6.25,5.25,5.50,6562600,0
05/24/1991,16:00,5.50,6.75,5.50,6.50,12513200,0
05/31/1991,16:00,6.50,6.88,6.38,6.75,6369400,0
06/07/1991,16:00,6.75,7.06,6.38,6.50,9446000,0
06/14/1991,16:00,6.50,6.88,6.19,6.44,7883800,0
06/21/1991,16:00,6.44,6.44,5.81,6.00,4962200,0
06/28/1991,16:00,6.00,6.19,5.69,6.00,4325400,0
07/05/1991,16:00,6.19,6.31,5.56,5.69,4258200,0
07/12/1991,16:00,5.56,6.56,5.50,6.50,10177000,0
07/19/1991,16:00,6.50,6.81,5.56,5.56,12151000,0
07/26/1991,16:00,5.56,5.69,5.13,5.19,8474600,0
08/02/1991,16:00,5.19,5.94,5.06,5.75,6129000,0
08/09/1991,16:00,5.75,5.81,5.50,5.50,4460200,0
08/16/1991,16:00,5.50,5.88,5.44,5.56,3439400,0
08/23/1991,16:00,5.38,5.94,5.06,5.75,8678000,0
08/30/1991,16:00,5.81,6.31,5.63,6.19,24240400,0
09/06/1991,16:00,6.19,6.25,5.75,5.94,5330200,0
09/13/1991,16:00,5.94,6.00,5.56,5.63,3659000,0
09/20/1991,16:00,5.56,5.56,5.06,5.19,7330600,0
09/27/1991,16:00,5.19,5.38,4.69,4.81,7390600,0
10/04/1991,16:00,4.69,4.75,4.19,4.50,16451600,0
10/11/1991,16:00,4.50,5.25,4.44,5.25,8376800,0
10/18/1991,16:00,5.38,5.75,5.31,5.50,11652200,0
10/25/1991,16:00,5.50,5.50,5.13,5.19,4737800,0
11/01/1991,16:00,5.25,6.50,5.25,6.13,20338200,0
11/08/1991,16:00,6.13,6.69,5.88,6.50,15727000,0
11/15/1991,16:00,6.50,7.06,6.06,6.31,11845400,0
11/22/1991,16:00,6.31,7.06,6.00,6.94,12051400,0
11/29/1991,16:00,7.06,7.31,6.75,7.19,11073000,0
12/06/1991,16:00,7.00,7.75,6.94,7.56,13565800,0
12/13/1991,16:00,7.56,8.06,7.31,7.88,10431800,0
12/20/1991,16:00,7.88,8.63,7.31,8.25,17298000,0
12/27/1991,16:00,8.38,8.88,8.31,8.38,6305000,0
01/03/1992,16:00,8.38,9.19,8.38,9.13,9796000,0
01/10/1992,16:00,9.13,10.25,9.00,9.56,30872000,0
01/17/1992,16:00,9.69,10.13,8.69,9.31,21425600,0
01/24/1992,16:00,9.81,10.63,9.69,10.31,17476400,0
01/31/1992,16:00,10.50,10.69,9.13,9.44,19450800,0
02/07/1992,16:00,9.25,10.75,9.25,10.06,19479600,0
02/14/1992,16:00,10.25,10.56,9.56,9.69,11723400,0
02/21/1992,16:00,9.94,10.13,9.50,9.75,9696800,0
02/28/1992,16:00,9.69,10.00,8.94,9.19,13884200,0
03/06/1992,16:00,9.13,9.19,8.13,8.56,13307600,0
03/13/1992,16:00,8.63,9.38,8.56,8.94,7546600,0
03/20/1992,16:00,8.94,9.44,8.75,9.38,5678200,0
03/27/1992,16:00,9.38,9.81,8.75,8.75,9981600,0
04/03/1992,16:00,8.75,8.94,8.31,8.88,7964000,0
04/10/1992,16:00,8.94,9.75,8.19,8.31,19979200,0
04/17/1992,16:00,8.31,8.88,8.19,8.44,7888400,0
04/24/1992,16:00,8.31,8.31,7.31,7.50,10060000,0
05/01/1992,16:00,7.50,8.94,7.44,8.44,10382000,0
05/08/1992,16:00,8.50,9.06,8.38,8.94,7226400,0
05/15/1992,16:00,8.88,9.25,7.63,7.75,13586400,0
05/22/1992,16:00,7.81,8.00,7.38,7.69,11912600,0
05/29/1992,16:00,7.75,8.00,7.56,7.88,5067600,0
06/05/1992,16:00,7.75,7.81,7.38,7.50,4583000,0
06/12/1992,16:00,7.44,8.00,7.25,7.44,8802200,0
06/19/1992,16:00,7.44,7.69,4.38,4.69,26602600,0
06/26/1992,16:00,4.88,4.94,4.25,4.31,13928400,0
07/03/1992,16:00,4.38,4.50,3.69,3.81,10461800,0
07/10/1992,16:00,3.81,4.31,3.69,4.13,14090800,0
07/17/1992,16:00,4.25,4.50,4.19,4.31,12939800,0
07/24/1992,16:00,4.31,4.44,4.19,4.19,4484000,0
07/31/1992,16:00,4.25,4.44,4.19,4.44,5846400,0
08/07/1992,16:00,4.38,4.81,4.38,4.69,10185800,0
08/14/1992,16:00,4.63,4.69,4.50,4.69,3918400,0
08/21/1992,16:00,4.63,4.69,4.25,4.31,3328800,0
08/28/1992,16:00,4.25,4.88,4.19,4.75,6762200,0
09/04/1992,16:00,4.88,5.94,4.81,5.56,16565600,0
09/11/1992,16:00,5.56,6.25,5.38,6.19,8826200,0
09/18/1992,16:00,6.31,6.50,5.88,6.13,8775200,0
09/25/1992,16:00,6.13,6.19,5.56,5.75,5776200,0
10/02/1992,16:00,5.63,5.81,5.31,5.63,6408200,0
10/09/1992,16:00,5.50,6.50,5.38,5.94,23558400,0
10/16/1992,16:00,6.13,6.56,6.13,6.50,10255400,0
10/23/1992,16:00,6.50,7.19,6.44,7.19,14529400,0
10/30/1992,16:00,7.13,8.38,7.13,8.25,13769200,0
11/06/1992,16:00,8.25,8.31,7.56,8.13,9091600,0
11/13/1992,16:00,8.06,8.25,7.75,8.25,6180400,0
11/20/1992,16:00,8.13,9.25,7.94,9.19,13846000,0
11/27/1992,16:00,9.00,9.31,8.50,8.69,8174800,0
12/04/1992,16:00,8.75,9.19,7.25,8.38,17355000,0
12/11/1992,16:00,8.56,9.06,8.31,8.38,8714600,0
12/18/1992,16:00,8.44,9.25,7.94,9.13,13640000,0
12/25/1992,16:00,9.13,9.38,8.50,8.81,8194800,0
01/01/1993,16:00,8.81,9.13,8.75,9.06,4009400,0
01/08/1993,16:00,9.06,10.75,8.81,9.63,20825400,0
01/15/1993,16:00,10.00,10.25,9.56,10.00,15301800,0
01/22/1993,16:00,10.06,10.44,9.75,9.88,6280000,0
01/29/1993,16:00,9.88,10.06,9.19,9.38,8599800,0
02/05/1993,16:00,9.31,10.44,9.25,9.81,13373400,0
02/12/1993,16:00,9.88,10.75,9.75,10.69,12882000,0
02/19/1993,16:00,10.56,11.19,9.69,11.06,12427800,0
02/26/1993,16:00,11.13,11.25,10.31,10.88,9446800,0
03/05/1993,16:00,10.94,11.75,10.44,11.63,11012000,0
03/12/1993,16:00,11.75,12.25,11.50,11.88,8004200,0
03/19/1993,16:00,12.00,12.06,11.25,11.31,6409800,0
03/26/1993,16:00,11.19,11.69,10.81,11.38,6126600,0
04/02/1993,16:00,11.56,11.63,10.56,10.69,6534800,0
04/09/1993,16:00,10.69,12.75,10.69,12.44,14719600,0
04/16/1993,16:00,12.63,13.00,11.88,12.06,10372400,0
04/23/1993,16:00,13.63,16.44,13.56,15.25,31166000,0
04/30/1993,16:00,15.25,15.25,13.63,14.06,14725400,0
05/07/1993,16:00,14.25,15.31,14.19,14.75,9760600,0
05/14/1993,16:00,14.75,15.00,14.19,14.25,5837000,0
05/21/1993,16:00,14.19,14.81,13.63,14.44,12453400,0
05/28/1993,16:00,14.38,15.38,14.00,14.31,8874000,0
06/04/1993,16:00,14.25,14.63,13.81,14.00,6092400,0
06/11/1993,16:00,12.38,12.38,10.50,10.56,28746400,0
06/18/1993,16:00,10.75,11.31,10.19,10.38,19983200,0
06/25/1993,16:00,10.38,10.94,10.25,10.69,7122600,0
07/02/1993,16:00,10.75,12.25,10.75,11.94,13561400,0
07/09/1993,16:00,12.13,12.63,11.56,12.44,7567200,0
07/16/1993,16:00,12.50,12.56,11.38,11.50,6972000,0
07/23/1993,16:00,11.50,12.88,11.50,12.19,7023600,0
07/30/1993,16:00,12.25,12.38,11.75,11.94,2968400,0
08/06/1993,16:00,12.13,14.13,12.13,14.13,9850800,0
08/13/1993,16:00,14.13,15.13,13.88,15.13,11050800,0
08/20/1993,16:00,14.94,16.31,14.94,15.50,14039200,0
08/27/1993,16:00,15.50,15.88,15.13,15.63,9241200,0
09/03/1993,16:00,15.63,16.25,14.25,14.50,14786000,0
09/10/1993,16:00,13.75,14.38,13.00,14.25,12542200,0
09/17/1993,16:00,14.38,14.88,13.69,14.69,7631200,0
09/24/1993,16:00,14.69,15.31,14.13,15.00,6550200,0
10/01/1993,16:00,15.00,15.13,12.50,12.94,17754000,0
10/08/1993,16:00,13.13,13.38,10.00,10.25,44909600,0
10/15/1993,16:00,10.38,10.56,9.75,10.13,16959000,0
10/22/1993,16:00,10.25,10.38,8.94,10.00,13584000,0
10/29/1993,16:00,9.88,10.13,9.50,9.88,14333200,0
11/05/1993,16:00,10.00,10.25,9.38,9.63,8479800,0
11/12/1993,16:00,9.69,10.13,9.38,9.88,7373400,0
11/19/1993,16:00,9.88,10.13,9.06,9.25,10279200,0
11/26/1993,16:00,9.25,9.69,8.94,9.56,7134400,0
12/03/1993,16:00,9.63,9.75,9.19,9.25,6539400,0
12/10/1993,16:00,9.19,9.19,8.69,8.81,9211200,0
12/17/1993,16:00,8.94,9.19,8.81,8.94,5239200,0
12/24/1993,16:00,9.06,9.06,8.50,8.69,6198000,0
12/31/1993,16:00,8.69,9.13,8.63,8.88,5481000,0
01/07/1994,16:00,8.88,9.25,8.38,9.19,12375800,0
01/14/1994,16:00,9.19,9.44,8.81,9.44,8460000,0
01/21/1994,16:00,9.75,9.88,9.25,9.63,5406400,0
01/28/1994,16:00,9.56,10.69,9.50,10.19,12648400,0
02/04/1994,16:00,10.31,10.44,10.06,10.19,7414000,0
02/11/1994,16:00,10.13,11.13,10.06,10.63,9802400,0
02/18/1994,16:00,10.75,11.25,10.56,10.88,5299800,0
02/25/1994,16:00,10.81,11.19,10.50,10.63,4205600,0
03/04/1994,16:00,10.69,12.06,10.63,11.69,10496200,0
03/11/1994,16:00,11.56,14.50,10.63,14.13,38229400,0
03/18/1994,16:00,14.00,15.13,13.75,14.88,23470000,0
03/25/1994,16:00,14.88,15.88,14.69,14.81,16322600,0
04/01/1994,16:00,14.81,15.75,13.88,15.63,18657800,0
04/08/1994,16:00,15.31,15.88,13.81,14.00,19767000,0
04/15/1994,16:00,13.88,14.00,11.94,12.00,12394200,0
04/22/1994,16:00,12.19,13.06,11.38,12.75,11455600,0
04/29/1994,16:00,12.69,13.69,12.69,13.19,6680200,0
05/06/1994,16:00,13.19,13.63,12.19,12.25,8360600,0
05/13/1994,16:00,12.13,12.69,11.31,11.88,9206400,0
05/20/1994,16:00,11.94,13.06,11.44,12.56,6294800,0
05/27/1994,16:00,12.75,13.56,12.69,13.13,7519600,0
06/03/1994,16:00,12.94,14.81,12.88,14.13,9671800,0
06/10/1994,16:00,14.25,14.38,12.88,13.44,7480400,0
06/17/1994,16:00,13.44,13.69,12.81,13.00,5704400,0
06/24/1994,16:00,12.81,13.00,11.88,12.19,6405400,0
07/01/1994,16:00,12.00,13.44,12.00,13.00,10593400,0
07/08/1994,16:00,13.00,13.69,12.44,13.38,5087200,0
07/15/1994,16:00,13.50,13.50,12.50,12.69,6932000,0
07/22/1994,16:00,12.63,13.06,12.19,12.94,6822800,0
07/29/1994,16:00,12.94,13.50,12.63,13.50,4385800,0
08/05/1994,16:00,13.44,13.69,13.00,13.31,3508800,0
08/12/1994,16:00,13.25,14.31,13.13,14.19,6623000,0
08/19/1994,16:00,14.19,14.50,13.94,14.38,4286600,0
08/26/1994,16:00,14.25,14.81,14.19,14.69,7192800,0
09/02/1994,16:00,14.69,14.94,13.69,14.06,9725600,0
09/09/1994,16:00,14.06,14.19,13.69,13.94,3814800,0
09/16/1994,16:00,13.88,15.00,13.69,15.00,7748600,0
09/23/1994,16:00,15.06,15.50,14.25,15.00,9181000,0
09/30/1994,16:00,14.94,15.25,14.50,14.88,6120800,0
10/07/1994,16:00,15.13,15.19,12.06,12.31,28212000,0
10/14/1994,16:00,12.50,12.75,11.13,11.38,26053600,0
10/21/1994,16:00,11.44,12.00,11.31,11.88,12707600,0
10/28/1994,16:00,12.19,13.38,12.00,13.19,14087400,0
11/04/1994,16:00,13.13,13.38,12.75,13.00,9438200,0
11/11/1994,16:00,13.00,13.13,12.06,12.25,6173400,0
11/18/1994,16:00,12.19,12.63,12.06,12.63,7639000,0
11/25/1994,16:00,12.75,13.06,12.13,12.63,7603600,0
12/02/1994,16:00,12.75,12.94,12.38,12.50,6423400,0
12/09/1994,16:00,12.50,12.56,11.56,11.88,6333600,0
12/16/1994,16:00,11.81,12.13,11.19,11.56,8692000,0
12/23/1994,16:00,11.69,11.69,11.25,11.44,8035400,0
12/30/1994,16:00,11.75,12.50,11.75,12.44,7438000,0
01/06/1995,16:00,12.63,13.94,12.44,13.94,13912400,0
01/13/1995,16:00,14.38,16.00,14.06,15.75,26656000,0
01/20/1995,16:00,15.94,16.13,15.63,15.69,13168600,0
01/27/1995,16:00,15.25,15.63,14.75,15.13,10930000,0
02/03/1995,16:00,15.19,16.00,14.63,15.69,10389800,0
02/10/1995,16:00,15.56,16.06,15.19,15.75,15034600,0
02/17/1995,16:00,15.81,15.81,15.19,15.38,7300400,0
02/24/1995,16:00,15.31,15.38,14.50,14.88,7505400,0
03/03/1995,16:00,14.81,15.88,14.69,15.75,8755000,0
03/10/1995,16:00,15.69,17.50,15.56,16.94,23603000,0
03/17/1995,16:00,16.94,17.81,16.88,17.25,10439800,0
03/24/1995,16:00,17.19,17.94,16.50,17.19,11964000,0
03/31/1995,16:00,17.31,17.69,16.13,16.94,13003800,0
04/07/1995,16:00,16.88,18.44,16.56,18.44,16464800,0
04/14/1995,16:00,18.38,18.38,16.56,17.44,19873600,0
04/21/1995,16:00,17.44,17.44,16.25,17.00,9584400,0
04/28/1995,16:00,17.00,18.38,17.00,18.00,14954800,0
05/05/1995,16:00,17.88,17.94,17.00,17.31,10456200,0
05/12/1995,16:00,17.38,18.81,17.31,17.81,21014200,0
05/19/1995,16:00,17.81,18.00,17.19,17.44,12760400,0
05/26/1995,16:00,17.44,18.00,16.63,17.00,11433600,0
06/02/1995,16:00,17.06,17.19,16.06,17.06,6845600,0
06/09/1995,16:00,17.38,17.63,16.81,17.19,10324400,0
06/16/1995,16:00,17.31,18.13,17.06,17.38,14085600,0
06/23/1995,16:00,17.44,19.63,17.38,19.44,25716000,0
06/30/1995,16:00,19.13,19.44,17.75,18.25,19299000,0
07/07/1995,16:00,18.19,18.19,17.13,17.75,20656600,0
07/14/1995,16:00,17.81,18.25,16.50,17.44,34906200,0
07/21/1995,16:00,17.56,17.69,15.19,16.13,20844800,0
07/28/1995,16:00,16.13,17.06,16.13,16.63,10860000,0
08/04/1995,16:00,16.69,16.69,15.25,16.00,10187200,0
08/11/1995,16:00,16.06,16.88,16.00,16.75,8493400,0
08/18/1995,16:00,16.81,18.00,16.75,17.56,14847800,0
08/25/1995,16:00,17.81,18.00,16.44,16.44,15095200,0
09/01/1995,16:00,16.50,17.13,15.69,16.88,13875400,0
09/08/1995,16:00,17.00,17.94,16.94,17.13,10909000,0
09/15/1995,16:00,17.19,17.63,16.88,17.00,16420000,0
09/22/1995,16:00,17.00,17.19,16.31,16.56,14518000,0
09/29/1995,16:00,16.38,16.44,14.00,14.56,25215000,0
10/06/1995,16:00,14.44,14.63,13.31,13.69,13522600,0
10/13/1995,16:00,13.63,14.25,12.31,13.81,15822200,0
10/20/1995,16:00,13.63,14.19,13.06,13.06,10621000,0
10/27/1995,16:00,13.13,14.25,11.88,12.25,22888000,0
11/03/1995,16:00,12.13,12.31,11.25,11.44,14815000,0
11/10/1995,16:00,11.44,11.44,10.38,10.88,17735400,0
11/17/1995,16:00,10.81,11.06,10.38,10.75,9306800,0
11/24/1995,16:00,10.75,11.00,10.00,10.38,11388000,0
12/01/1995,16:00,10.56,10.75,9.69,9.75,19410600,0
12/08/1995,16:00,9.88,10.31,9.63,9.94,20675400,0
12/15/1995,16:00,9.94,9.94,9.00,9.13,13917600,0
12/22/1995,16:00,8.75,8.88,8.25,8.69,13072600,0
12/29/1995,16:00,8.63,8.75,8.06,8.25,9924400,0
01/05/1996,16:00,8.25,10.00,8.06,9.06,11901600,0
01/12/1996,16:00,9.00,9.31,8.13,9.00,15767000,0
01/19/1996,16:00,8.94,9.88,8.94,9.31,13963200,0
01/26/1996,16:00,9.44,10.44,9.44,10.06,15841000,0
02/02/1996,16:00,10.13,10.31,9.69,10.06,8732800,0
02/09/1996,16:00,10.13,10.63,10.00,10.56,12764800,0
02/16/1996,16:00,10.44,10.56,9.94,10.00,9607000,0
02/23/1996,16:00,9.94,10.50,9.81,10.25,7014400,0
03/01/1996,16:00,9.88,10.19,9.38,9.56,8894800,0
03/08/1996,16:00,9.56,9.63,8.38,8.75,8500200,0
03/15/1996,16:00,8.81,9.00,8.56,8.88,7728600,0
03/22/1996,16:00,9.00,9.19,8.44,8.44,8152200,0
03/29/1996,16:00,8.50,9.13,8.38,8.69,7693200,0
04/05/1996,16:00,8.75,8.94,8.50,8.63,5748000,0
04/12/1996,16:00,8.50,9.06,8.50,8.56,8896800,0
04/19/1996,16:00,8.63,8.81,8.31,8.69,11567000,0
04/26/1996,16:00,8.81,9.50,8.56,9.25,11648200,0
05/03/1996,16:00,9.25,9.94,9.00,9.75,12547800,0
05/10/1996,16:00,9.88,9.88,9.13,9.13,8876200,0
05/17/1996,16:00,9.19,9.69,9.06,9.69,8414600,0
05/24/1996,16:00,9.38,9.50,8.56,8.69,11619000,0
05/31/1996,16:00,8.75,9.00,8.69,8.81,5513600,0
06/07/1996,16:00,8.75,8.81,8.50,8.69,5682000,0
06/14/1996,16:00,8.69,8.69,8.00,8.13,7619000,0
06/21/1996,16:00,8.06,8.13,6.50,7.13,16285200,0
06/28/1996,16:00,7.06,7.25,6.44,6.81,10940000,0
07/05/1996,16:00,6.88,7.19,6.69,6.81,5662800,0
07/12/1996,16:00,6.81,6.88,5.94,6.06,10065400,0
07/19/1996,16:00,6.06,6.06,5.44,5.56,13384000,0
07/26/1996,16:00,5.56,6.19,5.13,6.19,9737400,0
08/02/1996,16:00,6.25,6.31,5.88,6.25,6775200,0
08/09/1996,16:00,6.25,7.13,6.06,6.94,10569800,0
08/16/1996,16:00,6.94,6.94,6.50,6.56,4699000,0
08/23/1996,16:00,6.56,6.69,6.31,6.31,4398200,0
08/30/1996,16:00,6.31,6.50,6.06,6.38,4254800,0
09/06/1996,16:00,6.38,6.38,6.06,6.19,2551600,0
09/13/1996,16:00,6.31,6.63,6.25,6.50,5460600,0
09/20/1996,16:00,6.63,7.31,6.56,7.25,11272000,0
09/27/1996,16:00,7.13,8.13,7.00,7.31,15148400,0
10/04/1996,16:00,7.44,7.56,7.06,7.25,4249800,0
10/11/1996,16:00,7.31,8.50,7.25,8.13,12135600,0
10/18/1996,16:00,8.13,9.00,8.13,8.69,14967600,0
10/25/1996,16:00,8.69,8.94,8.50,8.75,8807800,0
11/01/1996,16:00,8.75,9.19,8.63,8.94,9320020,0
11/08/1996,16:00,8.88,10.38,8.88,10.19,15305000,0
11/15/1996,16:00,10.06,13.06,9.81,12.56,41639800,0
11/22/1996,16:00,12.50,12.75,11.63,12.38,17270400,0
11/29/1996,16:00,12.44,12.63,12.06,12.13,7213400,0
12/06/1996,16:00,12.06,13.25,11.31,12.88,26795400,0
12/13/1996,16:00,13.00,14.19,12.56,14.00,21423600,0
12/20/1996,16:00,13.94,13.94,12.56,13.00,15133400,0
12/27/1996,16:00,13.06,13.44,12.81,13.06,3455200,0
01/03/1997,16:00,13.00,14.13,12.44,14.00,10072200,0
01/10/1997,16:00,14.00,15.06,13.38,13.88,24298600,0
01/17/1997,16:00,14.81,17.50,14.31,17.50,49591400,0
01/24/1997,16:00,17.31,17.44,15.81,15.88,16444400,0
01/31/1997,16:00,16.00,18.06,15.38,17.50,21012600,0
02/07/1997,16:00,17.56,17.81,15.88,17.25,13292400,0
02/14/1997,16:00,17.31,17.50,15.69,16.94,16611800,0
02/21/1997,16:00,16.94,18.38,16.75,17.44,15850400,0
02/28/1997,16:00,17.50,18.44,17.19,17.94,14575200,0
03/07/1997,16:00,17.75,20.00,17.69,19.75,20695800,0
03/14/1997,16:00,19.75,24.25,19.44,22.25,54710200,0
03/21/1997,16:00,21.75,22.88,18.56,19.44,40861000,0
03/28/1997,16:00,19.50,21.81,17.81,20.69,30922400,0
04/04/1997,16:00,20.69,21.25,18.25,19.69,41763000,0
04/11/1997,16:00,20.25,22.50,18.50,19.13,37986800,0
04/18/1997,16:00,19.25,19.81,18.38,18.44,21145800,0
04/25/1997,16:00,18.38,20.88,17.50,20.31,28525000,0
05/02/1997,16:00,20.31,22.13,20.06,22.00,19038000,0
05/09/1997,16:00,22.13,22.88,21.25,22.50,24345200,0
05/16/1997,16:00,22.50,22.56,21.25,21.38,15091200,0
05/23/1997,16:00,21.25,21.44,19.75,20.44,21817000,0
05/30/1997,16:00,20.50,21.81,18.63,20.00,20561600,0
06/06/1997,16:00,20.81,20.81,18.25,19.31,26724600,0
06/13/1997,16:00,19.44,20.69,18.31,18.38,32333000,0
06/20/1997,16:00,18.63,19.75,18.44,18.47,21052800,0
06/27/1997,16:00,18.44,19.13,17.78,17.88,18878800,0
07/04/1997,16:00,17.84,18.47,17.00,17.97,16751200,0
07/11/1997,16:00,18.81,20.00,18.56,18.97,32404600,0
07/18/1997,16:00,18.88,20.44,18.50,18.50,18057800,0
07/25/1997,16:00,18.63,19.00,17.53,17.56,15089600,0
08/01/1997,16:00,17.59,18.50,16.59,18.19,24703000,0
08/08/1997,16:00,18.75,19.63,17.97,18.03,19928868,0
08/15/1997,16:00,18.06,19.63,17.59,18.75,16611200,0
08/22/1997,16:00,18.53,21.38,18.38,20.91,35387600,0
08/29/1997,16:00,21.00,21.19,18.56,18.81,12608600,0
09/05/1997,16:00,18.91,20.00,17.28,17.72,25971200,0
09/12/1997,16:00,17.72,18.00,16.31,17.75,30856200,0
09/19/1997,16:00,17.75,17.94,15.63,16.25,27556800,0
09/26/1997,16:00,16.75,16.81,15.38,16.19,26344800,0
10/03/1997,16:00,16.25,16.69,13.38,14.91,51740400,0
10/10/1997,16:00,15.09,15.81,14.03,15.41,27610800,0
10/17/1997,16:00,15.44,15.56,13.75,14.00,15470600,0
10/24/1997,16:00,14.03,14.88,12.63,13.09,22200000,0
10/31/1997,16:00,12.75,12.88,9.81,11.50,27847600,0
11/07/1997,16:00,11.91,12.28,10.13,11.28,20431600,0
11/14/1997,16:00,11.31,11.31,9.28,10.22,20841800,0
11/21/1997,16:00,10.66,11.59,10.38,11.19,16287400,0
11/28/1997,16:00,11.31,11.31,10.63,10.91,8526600,0
12/05/1997,16:00,11.00,11.31,10.28,10.56,11869400,0
12/12/1997,16:00,10.56,11.06,8.94,9.09,14887800,0
12/19/1997,16:00,9.13,9.47,8.75,9.38,17413000,0
12/26/1997,16:00,9.47,9.66,8.75,8.78,6880200,0
01/02/1998,16:00,8.84,9.66,8.56,9.66,14825000,0
01/09/1998,16:00,9.69,10.47,8.81,9.03,25241800,0
01/16/1998,16:00,8.75,9.75,8.66,8.91,19784200,0
01/23/1998,16:00,8.91,9.38,8.88,9.06,8057200,0
01/30/1998,16:00,9.19,10.09,9.19,10.09,16859400,0
02/06/1998,16:00,10.16,10.34,8.97,9.25,25687600,0
02/13/1998,16:00,9.25,10.00,9.25,9.50,12624800,0
02/20/1998,16:00,9.63,9.97,9.41,9.88,10478200,0
02/27/1998,16:00,9.97,12.69,9.91,11.75,55379400,0
03/06/1998,16:00,11.75,11.94,10.38,10.97,25325800,0
03/13/1998,16:00,10.78,11.25,10.28,10.97,15114200,0
03/20/1998,16:00,11.00,12.00,10.91,11.19,23489600,0
03/27/1998,16:00,11.19,12.38,10.97,12.38,18484200,0
04/03/1998,16:00,12.50,15.25,12.50,14.28,67917200,0
04/10/1998,16:00,14.25,15.31,13.19,13.31,36125600,0
04/17/1998,16:00,13.13,13.69,12.41,13.69,20314600,0
04/24/1998,16:00,13.63,15.06,13.31,14.47,27128400,0
05/01/1998,16:00,14.19,14.44,13.38,13.78,13650400,0
05/08/1998,16:00,13.78,13.97,12.59,12.97,28617600,0
05/15/1998,16:00,13.25,13.38,11.13,11.13,26568400,0
05/22/1998,16:00,11.16,11.47,9.97,10.03,26885800,0
05/29/1998,16:00,10.13,10.88,9.53,9.78,20179200,0
06/05/1998,16:00,9.91,10.13,8.94,9.16,23555400,0
06/12/1998,16:00,9.16,9.34,8.19,8.44,22399400,0
06/19/1998,16:00,8.50,9.31,8.44,8.75,13272000,0
06/26/1998,16:00,8.75,9.38,8.53,8.88,16783200,0
07/03/1998,16:00,8.88,8.97,8.09,8.38,15228400,0
07/10/1998,16:00,8.38,9.50,7.66,7.81,37063200,0
07/17/1998,16:00,7.84,8.84,7.59,8.28,22677400,0
07/24/1998,16:00,8.81,9.09,8.03,8.13,19258200,0
07/31/1998,16:00,8.09,9.06,7.81,8.63,15129000,0
08/07/1998,16:00,8.56,9.41,7.78,9.00,21048000,0
08/14/1998,16:00,9.09,9.53,8.53,9.00,18069400,0
08/21/1998,16:00,9.13,10.06,8.38,8.81,34949600,0
08/28/1998,16:00,8.88,9.13,7.38,7.59,22639800,0
09/04/1998,16:00,7.59,7.69,6.38,7.13,20120600,0
09/11/1998,16:00,7.16,9.00,7.16,8.63,20627000,0
09/18/1998,16:00,8.75,9.19,8.09,8.97,22908800,0
09/25/1998,16:00,8.75,10.50,8.56,10.22,43956400,0
10/02/1998,16:00,10.19,10.22,8.75,9.38,19536200,0
10/09/1998,16:00,9.38,9.94,6.81,7.59,57870200,0
10/16/1998,16:00,8.00,8.75,7.63,8.59,25501600,0
10/23/1998,16:00,8.66,9.13,8.28,8.72,20701200,0
10/30/1998,16:00,8.94,11.50,8.44,11.28,56173200,0
11/06/1998,16:00,11.44,12.92,11.03,12.22,50952400,0
11/13/1998,16:00,12.25,14.03,12.03,13.38,45576200,0
11/20/1998,16:00,13.78,14.50,13.31,13.72,29871600,0
11/27/1998,16:00,13.75,15.00,12.75,14.59,33616200,0
12/04/1998,16:00,14.38,15.97,13.31,15.69,43519000,0
12/11/1998,16:00,15.69,16.38,14.38,15.13,28744400,0
12/18/1998,16:00,14.78,14.91,13.25,14.03,31928200,0
12/25/1998,16:00,14.25,14.69,13.63,14.00,16265200,0
01/01/1999,16:00,14.00,14.94,13.31,14.50,20699600,0
01/08/1999,16:00,14.50,14.75,13.44,14.00,44123800,0
01/15/1999,16:00,14.25,16.50,10.13,11.19,115475400,0
01/22/1999,16:00,11.69,12.00,9.66,10.78,41005000,0
01/29/1999,16:00,11.06,11.75,10.59,11.53,30385200,0
02/05/1999,16:00,12.47,12.72,8.25,8.41,95817200,0
02/12/1999,16:00,8.50,8.88,8.28,8.78,30099800,0
02/19/1999,16:00,8.88,9.00,8.44,8.81,16022200,0
02/26/1999,16:00,9.38,9.84,8.78,8.94,32132400,0
03/05/1999,16:00,9.34,9.63,9.00,9.22,23763000,0
03/12/1999,16:00,9.28,9.59,8.13,8.25,31347000,0
03/19/1999,16:00,8.19,8.63,8.00,8.03,15981600,0
03/26/1999,16:00,8.09,8.38,7.78,8.00,12107200,0
04/02/1999,16:00,8.13,8.19,7.75,7.81,9025600,0
04/09/1999,16:00,7.88,8.16,7.38,7.81,15923200,0
04/16/1999,16:00,7.78,8.28,7.28,8.19,19436600,0
04/23/1999,16:00,8.28,8.59,7.88,8.53,14073000,0
04/30/1999,16:00,8.56,8.59,8.06,8.25,6401000,0
05/07/1999,16:00,8.38,9.84,8.13,8.81,16795600,0
05/14/1999,16:00,9.00,9.88,8.97,9.38,21125800,0
05/21/1999,16:00,9.31,10.81,9.19,10.25,25692600,0
05/28/1999,16:00,10.25,10.25,9.00,9.25,14900800,0
06/04/1999,16:00,9.28,9.38,8.88,8.97,8941800,0
06/11/1999,16:00,8.97,9.06,8.31,8.41,12048800,0
06/18/1999,16:00,8.44,9.69,8.28,9.38,25029200,0
06/25/1999,16:00,9.53,9.75,8.00,8.63,28800600,0
07/02/1999,16:00,8.63,9.09,8.50,8.59,12876000,0
07/09/1999,16:00,8.78,8.78,8.38,8.50,10937000,0
07/16/1999,16:00,8.50,9.28,8.50,8.78,18345600,0
07/23/1999,16:00,8.78,8.94,8.06,8.06,10503000,0
07/30/1999,16:00,8.06,8.88,8.00,8.69,13234600,0
08/06/1999,16:00,8.59,8.94,7.81,8.69,10399000,0
08/13/1999,16:00,9.41,9.78,9.09,9.47,25731200,0
08/20/1999,16:00,9.47,9.56,8.88,9.13,10084800,0
08/27/1999,16:00,9.19,9.94,9.19,9.84,16958600,0
09/03/1999,16:00,9.97,10.63,9.53,10.50,28011000,0
09/10/1999,16:00,10.69,12.38,10.66,10.84,37721400,0
09/17/1999,16:00,10.75,11.22,9.78,10.16,27096800,0
09/24/1999,16:00,9.81,9.91,8.00,8.72,20990200,0
10/01/1999,16:00,8.84,9.50,8.53,8.63,17793800,0
10/08/1999,16:00,8.91,10.22,8.88,9.28,30253000,0
10/15/1999,16:00,9.44,9.66,8.69,8.78,11610800,0
10/22/1999,16:00,8.69,9.75,8.03,9.34,21649600,0
10/29/1999,16:00,9.38,9.97,9.16,9.91,15984000,0
11/05/1999,16:00,9.97,10.88,9.94,10.63,20522200,0
11/12/1999,16:00,10.50,14.56,10.22,13.28,55576000,0
11/19/1999,16:00,13.34,13.88,12.63,13.56,34866800,0
11/26/1999,16:00,13.13,14.06,12.88,13.84,18859800,0
12/03/1999,16:00,14.19,15.84,13.53,15.50,53245600,0
12/10/1999,16:00,15.50,15.97,14.06,14.63,39833600,0
12/17/1999,16:00,14.25,15.00,13.25,14.41,26733200,0
12/24/1999,16:00,14.31,15.31,14.09,14.31,14453000,0
12/31/1999,16:00,14.28,14.50,13.91,14.47,8625800,0
01/07/2000,16:00,14.97,16.41,14.00,16.25,42375200,0
01/14/2000,16:00,16.75,20.28,16.69,20.19,50964400,0
01/21/2000,16:00,20.00,22.56,18.06,18.94,60339200,0
01/28/2000,16:00,18.63,20.00,16.91,17.63,41695600,0
02/04/2000,16:00,17.63,20.06,17.22,19.28,30129600,0
02/11/2000,16:00,19.28,22.72,19.06,22.63,43714000,0
02/18/2000,16:00,22.41,22.75,20.00,21.50,36894400,0
02/25/2000,16:00,20.13,21.47,19.63,20.25,23396600,0
03/03/2000,16:00,20.16,21.00,18.81,20.95,35171000,0
03/10/2000,16:00,23.00,30.00,23.00,26.00,91880400,0
03/17/2000,16:00,24.16,26.88,23.16,25.03,32374000,0
03/24/2000,16:00,25.47,29.44,25.38,27.00,38583400,0
03/31/2000,16:00,27.00,30.19,25.94,28.66,43299000,0
04/07/2000,16:00,29.63,37.75,25.50,37.50,79786600,0
04/14/2000,16:00,38.38,39.59,31.38,33.00,89338200,0
04/21/2000,16:00,32.63,39.63,32.59,39.06,41739600,0
04/28/2000,16:00,38.63,44.44,38.09,43.75,69479200,0
05/05/2000,16:00,43.50,46.50,42.03,46.00,49784200,0
05/12/2000,16:00,45.00,45.50,38.50,42.84,47693000,0
05/19/2000,16:00,42.63,44.78,41.53,41.91,34922400,0
05/26/2000,16:00,41.53,41.75,33.00,37.00,70115000,0
06/02/2000,16:00,38.94,45.00,38.44,45.00,33961400,0
06/09/2000,16:00,44.88,48.50,42.88,44.38,46998600,0
06/16/2000,16:00,44.94,45.00,40.16,41.25,35129200,0
06/23/2000,16:00,40.50,47.72,40.50,43.88,34408400,0
06/30/2000,16:00,44.50,44.69,37.47,38.63,44206600,0
07/07/2000,16:00,38.50,42.50,36.25,41.13,41773000,0
07/14/2000,16:00,43.13,45.25,40.78,44.75,36187000,0
07/21/2000,16:00,44.59,47.50,40.06,40.38,51832800,0
07/28/2000,16:00,40.50,41.59,34.00,35.50,53568400,0
08/04/2000,16:00,35.94,36.88,29.03,31.31,68725000,0
08/11/2000,16:00,30.25,33.41,27.00,28.66,63056400,0
08/18/2000,16:00,29.56,35.50,28.63,35.13,61505800,0
08/25/2000,16:00,35.38,36.00,33.13,34.50,33304100,0
09/01/2000,16:00,34.63,38.25,33.81,37.50,27900300,0
09/08/2000,16:00,37.00,37.00,31.56,32.00,32177600,0
09/15/2000,16:00,31.56,33.06,27.13,27.75,39900900,0
09/22/2000,16:00,27.50,30.75,23.00,26.13,57581200,0
09/29/2000,16:00,26.75,26.88,23.00,23.81,42142000,0
10/06/2000,16:00,23.94,25.44,21.56,22.00,41765400,0
10/13/2000,16:00,22.75,26.00,21.13,21.88,64301800,0
10/20/2000,16:00,21.81,22.63,16.19,22.13,67082600,0
10/27/2000,16:00,22.19,22.88,18.75,20.44,33498900,0
11/03/2000,16:00,20.38,25.44,20.00,23.75,38953300,0
11/10/2000,16:00,24.44,24.81,19.75,20.06,25740600,0
11/17/2000,16:00,19.31,22.63,19.25,20.56,27926100,0
11/24/2000,16:00,20.25,21.19,19.44,20.81,17168900,0
12/01/2000,16:00,21.44,21.44,14.69,15.44,44037800,0
12/08/2000,16:00,15.88,16.50,14.25,16.06,37901700,0
12/15/2000,16:00,16.25,17.88,15.50,16.19,32605800,0
12/22/2000,16:00,16.00,16.63,13.56,14.31,27904200,0
12/29/2000,16:00,14.63,14.81,13.81,13.81,19336200,0
01/05/2001,16:00,14.13,17.38,14.13,16.00,25951000,0
01/12/2001,16:00,15.94,19.00,15.44,17.81,26863400,0
01/19/2001,16:00,17.81,22.94,16.88,22.00,48859900,0
01/26/2001,16:00,21.63,22.94,20.50,21.38,32590400,0
02/02/2001,16:00,21.70,26.50,21.63,23.89,45959800,0
02/09/2001,16:00,23.64,25.00,22.96,24.37,28087600,0
02/16/2001,16:00,23.35,26.75,23.31,24.71,29035000,0
02/23/2001,16:00,25.00,25.01,20.51,22.10,35388700,0
03/02/2001,16:00,22.10,23.68,19.65,21.74,37378100,0
03/09/2001,16:00,22.15,26.05,22.15,23.30,37027000,0
03/16/2001,16:00,22.75,24.94,22.15,23.40,30454600,0
03/23/2001,16:00,23.50,29.71,21.95,29.44,50403300,0
03/30/2001,16:00,29.50,30.92,26.50,26.54,46809200,0
04/06/2001,16:00,26.70,27.86,20.05,20.05,63123900,0
04/13/2001,16:00,20.30,26.00,18.73,24.85,43958700,0
04/20/2001,16:00,23.85,29.51,22.21,29.00,67488200,0
04/27/2001,16:00,27.80,30.00,26.42,30.00,45721800,0
05/04/2001,16:00,30.75,33.25,30.00,30.99,48697900,0
05/11/2001,16:00,31.00,31.20,27.53,27.68,38944800,0
05/18/2001,16:00,27.68,32.82,27.05,32.49,41475000,0
05/25/2001,16:00,31.95,34.65,30.54,31.94,35075300,0
06/01/2001,16:00,31.91,31.91,27.50,29.60,28871400,0
06/08/2001,16:00,29.55,31.79,27.52,31.10,43761300,0
06/15/2001,16:00,31.10,31.10,26.50,27.56,29284400,0
06/22/2001,16:00,27.50,28.05,23.56,24.67,40360800,0
06/29/2001,16:00,25.95,30.10,24.71,28.90,30080800,0
07/06/2001,16:00,29.05,30.20,20.80,20.80,41529200,0
07/13/2001,16:00,20.87,23.22,19.99,21.08,48309400,0
07/20/2001,16:00,21.10,21.20,16.82,17.00,50700200,0
07/27/2001,16:00,17.65,18.02,15.31,17.68,33827100,0
08/03/2001,16:00,18.50,19.90,17.80,19.25,36756600,0
08/10/2001,16:00,18.49,19.27,15.95,16.21,32394800,0
08/17/2001,16:00,16.58,16.77,14.12,14.39,39044300,0
08/24/2001,16:00,14.22,15.13,14.10,15.00,18720200,0
08/31/2001,16:00,15.10,15.74,13.00,13.55,28621100,0
09/07/2001,16:00,13.80,13.80,11.10,11.50,30232800,0
09/14/2001,16:00,11.50,12.01,11.45,11.85,5169100,0
09/21/2001,16:00,10.25,11.20,8.30,9.30,39538000,0
09/28/2001,16:00,9.75,10.35,7.80,8.15,42550000,0
10/05/2001,16:00,8.30,9.48,7.69,8.60,31894900,0
10/12/2001,16:00,8.33,10.80,8.25,10.40,29419400,0
10/19/2001,16:00,10.30,11.39,9.05,9.19,27684300,0
10/26/2001,16:00,9.22,10.49,9.09,10.34,18517100,0
11/02/2001,16:00,10.03,12.45,9.20,12.25,33816600,0
11/09/2001,16:00,12.46,14.67,12.15,12.39,54090000,0
11/16/2001,16:00,12.40,14.18,11.94,13.65,27838200,0
11/23/2001,16:00,13.67,13.80,12.72,13.36,13509300,0
11/30/2001,16:00,13.40,14.37,12.50,13.56,27208400,0
12/07/2001,16:00,13.50,18.65,13.39,17.85,62595200,0
12/14/2001,16:00,17.50,18.36,16.12,17.47,35375700,0
12/21/2001,16:00,17.20,18.09,15.33,15.87,27381500,0
12/28/2001,16:00,15.95,16.60,15.50,16.38,12521300,0
01/04/2002,16:00,16.49,20.20,15.85,20.00,37449400,0
01/11/2002,16:00,20.45,20.60,18.30,19.15,35890900,0
01/18/2002,16:00,19.18,19.96,16.41,16.81,53584700,0
01/25/2002,16:00,17.18,17.18,15.75,16.30,33166400,0
02/01/2002,16:00,16.35,16.70,14.96,15.80,34993300,0
02/08/2002,16:00,15.80,15.85,13.00,15.25,32162900,0
02/15/2002,16:00,15.01,15.70,14.35,14.52,30914500,0
02/22/2002,16:00,14.50,14.76,12.63,12.85,30487000,0
03/01/2002,16:00,13.20,15.15,13.11,15.15,28260800,0
03/08/2002,16:00,15.07,16.55,14.40,16.21,36278300,0
03/15/2002,16:00,16.21,17.28,14.29,14.60,29741500,0
03/22/2002,16:00,14.90,15.09,14.03,14.76,23085800,0
03/29/2002,16:00,14.65,14.91,14.00,14.71,13376500,0
04/05/2002,16:00,14.61,14.85,13.29,13.50,19542500,0
04/12/2002,16:00,13.01,13.99,12.75,13.15,22986900,0
04/19/2002,16:00,13.25,15.30,12.11,12.16,47015500,0
04/26/2002,16:00,12.10,12.25,11.01,11.20,35441500,0
05/03/2002,16:00,11.34,11.75,10.95,11.05,24068200,0
05/10/2002,16:00,11.02,11.74,10.40,11.04,32238200,0
05/17/2002,16:00,11.30,12.95,11.11,12.20,27014500,0
05/24/2002,16:00,12.20,12.44,11.46,11.65,15347300,0
05/31/2002,16:00,11.95,11.95,11.13,11.43,10607600,0
06/07/2002,16:00,11.40,11.41,9.04,9.81,28733600,0
06/14/2002,16:00,9.90,10.15,9.15,9.60,20351900,0
06/21/2002,16:00,9.90,11.18,7.99,8.04,52967200,0
06/28/2002,16:00,8.00,9.72,7.95,9.72,35910500,0
07/05/2002,16:00,9.60,9.70,7.82,9.34,22857400,0
07/12/2002,16:00,9.34,9.60,8.85,9.10,25068400,0
07/19/2002,16:00,9.10,10.30,8.34,8.49,31282800,0
07/26/2002,16:00,8.59,8.90,7.46,7.82,21216400,0
08/02/2002,16:00,8.12,8.51,7.01,7.31,21058800,0
08/09/2002,16:00,7.73,9.02,7.45,8.83,28934200,0
08/16/2002,16:00,8.68,9.95,8.38,9.93,19995200,0
08/23/2002,16:00,10.20,10.88,9.45,9.67,29701100,0
08/30/2002,16:00,9.68,9.80,8.51,8.85,20729700,0
09/06/2002,16:00,8.60,8.69,7.83,8.04,21144500,0
09/13/2002,16:00,8.01,8.60,7.12,7.21,26633600,0
09/20/2002,16:00,7.20,7.38,6.27,6.40,24980900,0
09/27/2002,16:00,6.23,6.23,5.70,5.74,37246000,0
10/04/2002,16:00,5.70,5.70,3.50,3.51,70199100,0
10/11/2002,16:00,3.50,3.89,3.10,3.76,41124700,0
10/18/2002,16:00,3.75,4.87,3.43,4.40,30491600,0
10/25/2002,16:00,4.73,6.45,4.67,6.09,51993600,0
11/01/2002,16:00,6.43,6.51,5.61,6.51,32398900,0
11/08/2002,16:00,6.90,7.23,6.04,6.10,35679300,0
11/15/2002,16:00,6.10,6.60,5.80,6.48,27641700,0
11/22/2002,16:00,6.50,7.00,5.44,6.86,134537800,0
11/29/2002,16:00,6.86,8.80,6.86,8.50,83489600,0
12/06/2002,16:00,9.29,9.60,7.23,8.11,95663000,0
12/13/2002,16:00,7.60,8.05,7.28,7.32,38962000,0
12/20/2002,16:00,7.31,7.70,6.37,6.62,44267200,0
12/27/2002,16:00,6.70,6.88,6.30,6.35,13806400,0
01/03/2003,16:00,6.27,7.19,6.18,6.94,32119700,0
01/10/2003,16:00,7.05,7.55,6.63,7.41,55989900,0
01/17/2003,16:00,7.68,7.79,5.85,6.03,56492100,0
01/24/2003,16:00,6.12,6.19,5.34,5.43,32894300,0
01/31/2003,16:00,5.37,5.65,4.99,5.24,35006100,0
02/07/2003,16:00,5.24,5.25,4.88,5.04,25585700,0
02/14/2003,16:00,5.05,5.27,4.78,5.10,23122800,0
02/21/2003,16:00,5.33,5.67,5.27,5.39,21185900,0
02/28/2003,16:00,5.49,5.49,5.08,5.49,24940200,0
03/07/2003,16:00,5.55,5.65,5.10,5.25,24896700,0
03/14/2003,16:00,5.25,5.87,5.24,5.77,29491300,0
03/21/2003,16:00,5.60,7.24,5.50,7.15,57676100,0
03/28/2003,16:00,6.90,7.07,6.15,6.22,36203800,0
04/04/2003,16:00,6.00,7.40,6.00,7.10,49252500,0
04/11/2003,16:00,7.50,7.56,6.88,7.15,29689700,0
04/18/2003,16:00,7.16,8.19,7.16,8.03,49843300,0
04/25/2003,16:00,8.18,8.59,7.42,7.54,67816600,0
05/02/2003,16:00,7.54,7.89,7.10,7.40,46413200,0
05/09/2003,16:00,7.51,7.88,7.22,7.35,37747000,0
05/16/2003,16:00,7.36,7.67,7.30,7.60,31538800,0
05/23/2003,16:00,7.51,7.54,6.88,6.91,25434600,0
05/30/2003,16:00,6.90,7.65,6.80,7.28,27593300,0
06/06/2003,16:00,7.20,7.39,6.81,6.93,51817400,0
06/13/2003,16:00,6.90,6.91,6.28,6.52,59973300,0
06/20/2003,16:00,6.53,7.00,6.44,6.79,37777300,0
06/27/2003,16:00,6.79,6.90,6.04,6.38,52975000,0
07/04/2003,16:00,6.38,6.85,6.25,6.71,21019600,0
07/11/2003,16:00,6.98,7.40,6.85,7.20,42491500,0
07/18/2003,16:00,7.47,7.52,7.05,7.12,42346900,0
07/25/2003,16:00,7.12,7.30,7.00,7.16,25817600,0
08/01/2003,16:00,7.15,7.50,7.12,7.19,20050600,0
08/08/2003,16:00,7.19,7.80,7.12,7.26,33433500,0
08/15/2003,16:00,7.30,7.87,7.07,7.80,24173500,0
08/22/2003,16:00,8.48,10.30,8.35,9.91,104583900,0
08/29/2003,16:00,10.20,11.36,9.60,11.29,64454500,0
09/05/2003,16:00,11.48,12.55,10.80,12.10,69547900,0
09/12/2003,16:00,12.21,12.59,10.89,12.16,80476500,0
09/19/2003,16:00,12.30,12.87,11.70,12.68,66371500,0
09/26/2003,16:00,12.41,12.69,10.86,10.87,69347700,0
10/03/2003,16:00,11.15,12.28,10.91,11.89,56148100,0
10/10/2003,16:00,12.10,13.56,11.91,13.24,51498300,0
10/17/2003,16:00,13.33,14.56,13.20,13.99,80580700,0
10/24/2003,16:00,14.20,14.44,13.26,13.59,56725300,0
10/31/2003,16:00,13.70,15.56,13.70,15.20,50157500,0
11/07/2003,16:00,15.44,17.25,15.42,17.01,79860997,0
11/14/2003,16:00,16.35,18.50,16.30,17.86,78287000,0
11/21/2003,16:00,17.55,17.95,16.36,16.80,67038100,0
11/28/2003,16:00,17.15,17.98,17.15,17.97,21972200,0
12/05/2003,16:00,18.20,18.39,15.75,16.07,63946100,0
12/12/2003,16:00,15.93,16.20,14.39,15.27,76474800,0
12/19/2003,16:00,15.80,15.80,13.80,14.26,81608500,0
12/26/2003,16:00,14.16,14.79,14.08,14.70,20491900,0
01/02/2004,16:00,14.95,15.47,14.77,14.86,33066500,0
01/09/2004,16:00,15.05,16.00,15.01,15.54,65570700,0
01/16/2004,16:00,15.70,17.08,15.11,16.76,74778100,0
01/23/2004,16:00,17.24,17.50,15.16,15.32,76418300,0
01/30/2004,16:00,15.19,16.08,14.25,14.86,54540300,0
02/06/2004,16:00,15.00,15.20,14.05,14.94,47321300,0
02/13/2004,16:00,15.01,15.85,14.76,14.94,47092000,0
02/20/2004,16:00,15.12,15.58,14.64,14.65,40305800,0
02/27/2004,16:00,14.50,15.30,13.60,15.00,56638400,0
03/05/2004,16:00,14.66,15.62,14.57,15.36,47069900,0
03/12/2004,16:00,15.49,15.58,14.20,15.00,49491900,0
03/19/2004,16:00,14.88,15.83,14.52,15.25,45310300,0
03/26/2004,16:00,15.05,15.95,14.57,15.51,62268900,0
04/02/2004,16:00,15.67,17.49,15.35,17.45,58928800,0
04/09/2004,16:00,17.25,17.50,16.71,17.00,40313600,0
04/16/2004,16:00,17.12,17.60,15.75,16.05,70908200,0
04/23/2004,16:00,16.10,16.74,15.63,16.36,49152700,0
04/30/2004,16:00,16.37,16.42,13.98,14.22,46936500,0
05/07/2004,16:00,14.69,14.98,14.05,14.91,44379800,0
05/14/2004,16:00,14.90,15.50,13.84,13.87,60952700,0
05/21/2004,16:00,13.93,15.00,13.65,14.24,49475400,0
05/28/2004,16:00,14.43,15.55,14.20,15.55,34814000,0
06/04/2004,16:00,15.50,15.60,14.58,15.12,29466200,0
06/11/2004,16:00,15.30,16.35,15.29,15.75,43109700,0
06/18/2004,16:00,15.75,15.75,14.35,14.88,33953300,0
06/25/2004,16:00,14.94,15.80,14.06,15.50,62484300,0
07/02/2004,16:00,15.72,16.00,15.09,15.27,49307100,0
07/09/2004,16:00,15.00,15.40,14.65,14.81,39514000,0
07/16/2004,16:00,14.71,14.71,12.55,12.64,98683300,0
07/23/2004,16:00,12.64,12.93,12.11,12.12,55875100,0
07/30/2004,16:00,12.15,12.56,11.03,12.49,65205700,0
08/06/2004,16:00,12.20,12.29,11.17,11.26,45399300,0
08/13/2004,16:00,11.75,11.75,10.76,11.06,41971300,0
08/20/2004,16:00,11.06,12.15,10.98,11.97,33213400,0
08/27/2004,16:00,12.13,12.44,11.69,11.96,31420600,0
09/03/2004,16:00,11.96,11.96,10.76,10.90,39384200,0
09/10/2004,16:00,11.10,12.29,10.83,12.21,35928100,0
09/17/2004,16:00,12.43,13.16,12.12,12.70,60077300,0
09/24/2004,16:00,12.50,13.23,12.24,12.42,41917000,0
10/01/2004,16:00,12.25,13.49,12.22,13.43,30642200,0
10/08/2004,16:00,13.52,14.22,13.09,13.50,63148300,0
10/15/2004,16:00,13.75,14.19,13.51,14.00,43659300,0
10/22/2004,16:00,13.90,15.99,13.88,15.56,80767000,0
10/29/2004,16:00,15.49,16.85,15.41,16.82,47516800,0
11/05/2004,16:00,16.88,18.10,16.45,17.09,85491600,0
11/12/2004,16:00,17.09,21.10,17.02,21.02,84686800,0
11/19/2004,16:00,20.85,22.49,20.50,20.81,83688500,0
11/26/2004,16:00,20.50,21.83,20.00,21.54,29963700,0
12/03/2004,16:00,21.85,23.50,20.86,23.22,66075700,0
12/10/2004,16:00,23.22,24.95,21.65,21.83,84722700,0
12/17/2004,16:00,22.55,23.13,22.00,22.43,39741900,0
12/24/2004,16:00,22.50,22.60,20.51,22.12,45222800,0
12/31/2004,16:00,22.26,22.37,21.55,22.02,28078700,0
01/07/2005,16:00,22.11,22.30,19.15,19.92,76242200,0
01/14/2005,16:00,20.10,20.49,14.63,15.16,191624700,0
01/21/2005,16:00,15.05,15.87,15.05,15.49,67347800,0
01/28/2005,16:00,15.60,16.32,15.11,15.71,50682500,0
02/04/2005,16:00,15.88,17.49,15.74,17.49,50261700,0
02/11/2005,16:00,17.50,18.45,17.13,18.11,50869400,0
02/18/2005,16:00,18.10,18.36,16.78,16.90,44831400,0
02/25/2005,16:00,16.75,17.91,16.24,17.77,57484900,0
03/04/2005,16:00,17.70,18.02,17.08,17.43,40140600,0
03/11/2005,16:00,17.34,17.75,16.30,16.36,35388400,0
03/18/2005,16:00,16.36,16.69,15.86,16.08,36666300,0
03/25/2005,16:00,16.10,16.22,15.16,16.12,32457700,0
04/01/2005,16:00,16.25,16.44,15.11,16.19,43155900,0
04/08/2005,16:00,16.18,17.38,15.67,17.09,54158400,0
04/15/2005,16:00,17.09,17.50,15.41,15.45,73003100,0
04/22/2005,16:00,15.45,15.60,14.45,14.60,51344600,0
04/29/2005,16:00,14.80,15.09,14.08,14.23,30952600,0
05/06/2005,16:00,14.21,15.02,14.21,14.90,25427300,0
05/13/2005,16:00,15.08,15.85,14.85,15.48,39458600,0
05/20/2005,16:00,15.70,16.12,15.38,16.00,27906600,0
05/27/2005,16:00,16.12,16.62,15.76,16.21,31212800,0
06/03/2005,16:00,16.15,17.34,16.15,17.08,27282900,0
06/10/2005,16:00,17.00,18.34,16.81,17.57,54664000,0
06/17/2005,16:00,17.45,17.70,16.58,17.44,31929900,0
06/24/2005,16:00,17.23,18.23,17.10,17.17,30622700,0
07/01/2005,16:00,17.11,17.73,16.63,17.45,31146000,0
07/08/2005,16:00,17.74,19.03,17.60,18.94,32077600,0
07/15/2005,16:00,19.05,20.17,18.71,20.01,62749500,0
07/22/2005,16:00,19.95,20.84,19.78,20.49,39455900,0
07/29/2005,16:00,20.22,20.36,19.20,20.08,35835200,0
08/05/2005,16:00,20.08,20.70,19.82,19.91,22421000,0
08/12/2005,16:00,20.08,21.30,19.91,20.70,33071100,0
08/19/2005,16:00,20.63,21.27,20.28,20.55,30847900,0
08/26/2005,16:00,20.67,21.18,20.35,21.00,23090900,0
09/02/2005,16:00,20.90,21.22,20.30,20.90,30502500,0
09/09/2005,16:00,21.05,24.03,20.96,23.85,41525500,0
09/16/2005,16:00,23.71,23.95,22.41,22.65,47025200,0
09/23/2005,16:00,22.52,23.28,21.77,22.98,45973900,0
09/30/2005,16:00,23.76,25.75,23.20,25.20,62545400,0
10/07/2005,16:00,25.47,26.07,23.59,24.00,56595400,0
10/14/2005,16:00,24.30,24.45,20.50,21.19,99104800,0
10/21/2005,16:00,21.36,21.95,20.22,21.85,49025500,0
10/28/2005,16:00,22.00,23.04,21.43,22.32,47901600,0
11/04/2005,16:00,22.45,24.83,22.43,24.63,48055500,0
11/11/2005,16:00,24.76,24.99,23.97,24.76,39595300,0
11/18/2005,16:00,24.78,26.95,24.76,26.74,77729700,0
11/25/2005,16:00,27.00,27.36,26.05,26.52,47824000,0
12/02/2005,16:00,26.68,28.25,25.30,27.95,54684400,0
12/09/2005,16:00,27.77,27.77,25.25,26.90,47917700,0
12/16/2005,16:00,27.20,28.37,26.66,28.17,43281600,0
12/23/2005,16:00,27.81,30.65,27.67,30.50,49088600,0
12/30/2005,16:00,30.77,31.84,30.16,30.60,37193300,0
01/06/2006,16:00,31.02,34.25,30.88,33.78,55072800,0
01/13/2006,16:00,33.75,37.46,32.91,34.13,91093200,0
01/20/2006,16:00,32.46,38.40,32.15,35.70,123199700,0
01/27/2006,16:00,35.85,40.79,34.67,39.85,104789700,0
02/03/2006,16:00,39.62,42.42,39.44,39.54,77033300,0
02/10/2006,16:00,40.10,42.09,39.17,40.10,56119200,0
02/17/2006,16:00,39.88,41.82,38.32,40.33,67106500,0
02/24/2006,16:00,40.58,41.20,39.37,40.54,47489800,0
03/03/2006,16:00,40.70,42.70,38.62,39.51,92775300,0
03/10/2006,16:00,39.90,40.25,35.60,36.63,90453100,0
03/17/2006,16:00,35.50,36.00,32.59,33.95,129797700,0
03/24/2006,16:00,33.94,36.16,33.52,36.13,80854900,0
03/31/2006,16:00,35.96,36.08,32.95,33.16,76552000,0
04/07/2006,16:00,32.20,35.40,32.17,33.69,73648800,0
04/14/2006,16:00,33.62,35.75,31.61,31.80,107655200,0
04/21/2006,16:00,31.94,32.24,29.97,31.73,104070000,0
04/28/2006,16:00,31.90,33.76,31.41,32.35,60734100,0
05/05/2006,16:00,32.52,34.50,31.78,34.43,40597700,0
05/12/2006,16:00,34.05,34.42,31.25,31.66,58735800,0
05/19/2006,16:00,31.60,34.96,29.68,34.95,115288200,0
05/26/2006,16:00,34.45,34.75,30.25,31.63,88932100,0
06/02/2006,16:00,31.39,31.92,29.95,30.10,57227400,0
06/09/2006,16:00,30.05,30.14,26.23,26.75,98046400,0
06/16/2006,16:00,26.80,26.97,24.37,25.64,88278700,0
06/23/2006,16:00,25.85,26.02,24.62,25.14,54236800,0
06/30/2006,16:00,25.30,25.38,23.46,24.42,64227300,0
07/07/2006,16:00,24.48,24.72,22.45,23.56,57705600,0
07/14/2006,16:00,23.71,23.91,21.23,21.60,80224100,0
07/21/2006,16:00,21.35,22.10,18.23,18.26,122900300,0
07/28/2006,16:00,17.62,19.10,16.90,19.10,144633600,0
08/04/2006,16:00,19.20,21.20,18.84,20.47,98303100,0
08/11/2006,16:00,20.28,20.85,19.37,19.78,68200600,0
08/18/2006,16:00,19.93,24.76,19.59,23.93,141189100,0
08/25/2006,16:00,23.67,25.72,23.29,24.56,107269000,0
09/01/2006,16:00,24.54,25.25,23.70,24.66,71900000,0
09/08/2006,16:00,25.20,26.23,23.72,25.80,99270700,0
09/15/2006,16:00,25.48,27.65,25.36,26.53,97191100,0
09/22/2006,16:00,26.58,27.90,25.64,26.21,85471900,0
09/29/2006,16:00,26.40,27.17,24.66,24.85,108620800,0
10/06/2006,16:00,24.86,25.24,23.79,24.01,89387400,0
10/13/2006,16:00,24.25,25.40,22.87,25.23,130012500,0
10/20/2006,16:00,25.35,25.69,20.00,20.12,232325300,0
10/27/2006,16:00,20.22,21.79,20.15,20.86,163165600,0
11/03/2006,16:00,20.96,21.57,20.56,20.88,95741200,0
11/10/2006,16:00,21.12,21.98,20.80,21.07,90960800,0
11/17/2006,16:00,21.06,21.95,20.79,21.45,98514200,0
11/24/2006,16:00,21.41,21.97,21.05,21.80,57090000,0
12/01/2006,16:00,21.72,22.33,20.41,20.69,116945700,0
12/08/2006,16:00,20.85,21.73,20.65,20.93,89307500,0
12/15/2006,16:00,21.02,23.00,19.90,22.12,170327500,0
12/22/2006,16:00,22.05,22.21,20.68,20.77,88200900,0
12/29/2006,16:00,20.89,20.89,20.30,20.35,37001300,0
01/05/2007,16:00,20.08,20.40,19.32,19.71,67933400,0
01/12/2007,16:00,19.81,20.63,17.62,18.26,196658300,0
01/19/2007,16:00,18.15,18.35,17.66,17.73,103647700,0
01/26/2007,16:00,17.59,17.70,15.93,16.22,184080600,0
02/02/2007,16:00,16.21,16.23,15.52,15.69,124444600,0
02/09/2007,16:00,15.74,15.80,14.80,14.90,122951300,0
02/16/2007,16:00,14.96,15.13,14.47,14.94,102082203,0
02/23/2007,16:00,14.93,15.01,14.43,14.69,95646350,0
03/02/2007,16:00,14.83,15.73,14.13,14.18,217316686,0
03/09/2007,16:00,13.60,14.35,13.53,14.20,112138998,0
03/16/2007,16:00,14.09,14.27,13.70,14.01,97724412,0
03/23/2007,16:00,14.01,14.05,13.32,13.50,133439459,0
03/30/2007,16:00,13.55,13.73,12.96,13.06,91603345,0
04/06/2007,16:00,13.08,13.09,12.60,12.86,64307854,0
04/13/2007,16:00,13.40,13.79,13.13,13.57,170428532,0
04/20/2007,16:00,13.60,14.75,13.37,14.16,184697840,0
04/27/2007,16:00,14.03,14.73,13.60,14.32,253861332,0
05/04/2007,16:00,14.27,14.28,13.35,13.53,123327125,0
05/11/2007,16:00,13.58,14.69,13.00,14.68,166471686,0
05/18/2007,16:00,14.94,15.95,14.84,15.59,174626921,0
05/25/2007,16:00,15.63,15.77,14.59,14.76,110975327,0
06/01/2007,16:00,14.97,15.00,14.22,14.31,74313609,0
06/08/2007,16:00,14.25,14.40,13.56,14.07,148204764,0
06/15/2007,16:00,14.12,14.25,13.53,13.63,114886216,0
06/22/2007,16:00,13.65,14.88,13.28,14.57,160587133,0
06/29/2007,16:00,14.68,14.83,14.05,14.30,103562292,0
07/06/2007,16:00,14.26,14.49,14.11,14.39,61487436,0
07/13/2007,16:00,14.53,15.50,14.34,15.43,123539541,0
07/20/2007,16:00,15.45,16.19,15.02,15.50,190350649,0
07/27/2007,16:00,15.51,15.69,13.84,13.87,199968704,0
08/03/2007,16:00,14.02,14.08,12.85,12.85,142401308,0
08/10/2007,16:00,12.91,13.60,12.38,13.01,189140100,0
08/17/2007,16:00,13.22,13.22,11.27,11.89,156217820,0
08/24/2007,16:00,12.05,12.44,11.82,12.13,103873002,0
08/31/2007,16:00,12.08,13.04,11.66,13.00,111948487,0
09/07/2007,16:00,13.17,13.44,12.55,12.61,73578467,0
09/14/2007,16:00,12.92,13.13,12.57,12.69,98946210,0
09/21/2007,16:00,12.85,13.53,12.70,13.24,109536242,0
09/28/2007,16:00,13.34,13.92,13.12,13.20,111773241,0
10/05/2007,16:00,13.25,13.90,12.80,13.63,107611114,0
10/12/2007,16:00,13.55,14.23,13.50,13.94,101585285,0
10/19/2007,16:00,13.90,14.73,13.62,13.80,146011420,0
10/26/2007,16:00,13.60,13.90,12.55,12.89,96301910,0
11/02/2007,16:00,12.98,13.22,12.68,13.17,57943244,0
11/09/2007,16:00,13.06,13.80,12.05,12.37,104648219,0
11/16/2007,16:00,12.32,13.27,11.92,12.64,98685339,0
11/23/2007,16:00,12.54,12.61,10.52,10.78,106385751,0
11/30/2007,16:00,10.83,10.92,9.65,9.76,165916500,0
12/07/2007,16:00,9.82,9.90,8.79,9.05,180077234,0
12/14/2007,16:00,9.12,9.53,8.42,8.43,175221161,0
12/21/2007,16:00,8.40,8.42,7.54,7.79,167120027,0
12/28/2007,16:00,7.78,7.88,7.30,7.32,56470021,0
01/04/2008,16:00,7.26,7.60,6.10,6.25,151993728,0
01/11/2008,16:00,6.37,6.44,5.31,6.25,217452015,0
01/18/2008,16:00,6.48,7.15,5.80,7.07,213837407,0
01/25/2008,16:00,6.57,7.79,6.57,7.15,138162513,0
02/01/2008,16:00,7.10,8.03,6.98,8.00,110041406,0
02/08/2008,16:00,8.07,8.08,6.22,6.34,141897706,0
02/15/2008,16:00,6.36,6.93,6.23,6.45,106144353,0
02/22/2008,16:00,6.64,7.18,6.45,6.71,91808613,0
02/29/2008,16:00,6.64,7.48,6.64,7.21,103100397,0
03/07/2008,16:00,7.21,7.21,6.31,6.49,137591896,0
03/14/2008,16:00,6.55,6.83,6.13,6.38,113502693,0
03/21/2008,16:00,6.21,6.54,6.07,6.11,86990500,0
03/28/2008,16:00,6.20,6.34,5.76,5.91,97857251,0
04/04/2008,16:00,5.82,6.37,5.78,6.23,126053623,0
04/11/2008,16:00,6.31,6.48,5.95,6.01,158642530,0
04/18/2008,16:00,6.06,6.39,5.61,6.11,126988324,0
04/25/2008,16:00,6.10,6.14,5.83,6.06,83857267,0
05/02/2008,16:00,6.06,6.34,5.93,6.16,68441812,0
05/09/2008,16:00,6.16,7.41,6.11,6.94,189741438,0
05/16/2008,16:00,6.97,7.48,6.97,7.26,99057077,0
05/23/2008,16:00,7.31,7.48,6.76,6.88,80403699,0
05/30/2008,16:00,6.91,7.07,6.71,6.88,64783633,0
06/06/2008,16:00,6.88,7.79,6.72,7.43,130155245,0
06/13/2008,16:00,7.57,7.98,6.92,7.52,118399991,0
06/20/2008,16:00,7.47,7.94,6.96,6.99,109005931,0
06/27/2008,16:00,7.13,7.17,5.85,5.95,146877764,0
07/04/2008,16:00,6.01,6.04,5.01,5.30,108624049,0
07/11/2008,16:00,5.47,5.67,4.60,4.84,166499860,0
07/18/2008,16:00,4.92,5.32,4.53,4.65,168337979,0
07/25/2008,16:00,4.73,4.75,4.27,4.36,108872944,0
08/01/2008,16:00,4.38,4.39,4.05,4.28,95707129,0
08/08/2008,16:00,4.31,5.26,4.29,5.13,99621539,0
08/15/2008,16:00,5.10,5.87,5.00,5.64,117947704,0
08/22/2008,16:00,5.70,6.00,5.52,5.81,110664643,0
08/29/2008,16:00,5.93,6.35,5.82,6.29,84245278,0
09/05/2008,16:00,6.37,6.47,5.34,5.96,98001780,0
09/12/2008,16:00,6.23,6.30,5.51,5.75,96632101,0
09/19/2008,16:00,5.31,5.68,4.80,5.42,119901965,0
09/26/2008,16:00,5.40,5.42,4.85,5.16,94932913,0
10/03/2008,16:00,5.00,5.25,4.13,4.53,142150175,0
10/10/2008,16:00,4.26,5.56,3.51,3.81,214476532,0
10/17/2008,16:00,4.24,4.52,3.65,4.21,135102294,0
10/24/2008,16:00,4.25,4.31,2.78,3.03,101685630,0
10/31/2008,16:00,2.96,3.71,2.65,3.50,102473901,0
11/07/2008,16:00,3.59,3.87,3.06,3.16,88432081,0
11/14/2008,16:00,3.29,3.29,2.30,2.43,91379392,0
11/21/2008,16:00,2.50,2.69,1.62,1.82,90644060,0
11/28/2008,16:00,1.90,2.37,1.75,2.36,71959551,0
12/05/2008,16:00,2.31,2.37,1.92,2.13,113785624,0
12/12/2008,16:00,2.25,2.32,2.01,2.28,82174525,0
12/19/2008,16:00,2.26,2.35,2.15,2.27,51918927,0
12/26/2008,16:00,2.26,2.26,1.93,2.18,38958218,0
01/02/2009,16:00,2.26,2.43,2.06,2.38,45399860,0
01/09/2009,16:00,2.37,2.85,2.35,2.69,80415980,0
01/16/2009,16:00,2.69,2.69,2.05,2.29,80387933,0
01/23/2009,16:00,2.23,2.29,1.86,2.07,72967098,0
01/30/2009,16:00,2.08,2.45,2.00,2.19,67579706,0
02/06/2009,16:00,2.15,2.51,2.07,2.41,61815362,0
02/13/2009,16:00,2.36,2.46,2.00,2.42,73404773,0
02/20/2009,16:00,2.30,2.50,2.00,2.03,59206297,0
02/27/2009,16:00,2.09,2.28,2.01,2.18,61688111,0
03/06/2009,16:00,2.13,2.33,2.01,2.14,75181537,0
03/13/2009,16:00,2.11,2.60,2.10,2.52,65907872,0
03/20/2009,16:00,2.51,3.19,2.43,2.67,96640436,0
03/27/2009,16:00,2.87,3.78,2.83,3.37,102758868,0
04/03/2009,16:00,3.20,3.43,2.92,3.43,103112122,0
04/10/2009,16:00,3.30,3.92,3.25,3.75,62811319,0
04/17/2009,16:00,3.75,3.85,3.32,3.56,68706911,0
04/24/2009,16:00,3.43,3.75,3.17,3.51,85809633,0
05/01/2009,16:00,3.43,3.90,3.35,3.82,70062845,0
05/08/2009,16:00,3.90,4.45,3.83,3.93,90439943,0
05/15/2009,16:00,3.90,4.67,3.87,4.01,154617073,0
05/22/2009,16:00,4.19,4.76,4.06,4.26,90859777,0
05/29/2009,16:00,4.26,4.84,4.23,4.54,80570561,0
06/05/2009,16:00,4.69,4.90,4.34,4.63,109202861,0
06/12/2009,16:00,4.58,4.87,4.33,4.47,105242143,0
06/19/2009,16:00,4.39,4.45,3.81,3.87,137863122,0
06/26/2009,16:00,3.84,3.86,3.43,3.62,94028481,0
07/03/2009,16:00,3.72,4.05,3.65,3.78,78429672,0
07/10/2009,16:00,3.74,3.77,3.22,3.49,113046048,0
07/17/2009,16:00,3.53,4.00,3.36,4.00,100694957,0
07/24/2009,16:00,4.03,4.25,3.41,3.77,196482538,0
07/31/2009,16:00,3.82,3.84,3.65,3.66,84995689,0
08/07/2009,16:00,3.75,3.85,3.66,3.70,69079402,0
08/14/2009,16:00,3.71,3.76,3.52,3.69,82079257,0
08/21/2009,16:00,3.55,3.71,3.47,3.70,76599325,0
08/28/2009,16:00,3.93,4.55,3.88,4.47,166643411,0
09/04/2009,16:00,4.32,4.57,4.13,4.53,126562672,0
09/11/2009,16:00,4.60,5.75,4.57,5.68,205446463,0
09/18/2009,16:00,5.62,5.94,5.43,5.70,170209962,0
09/25/2009,16:00,5.57,6.30,5.51,5.83,166932470,0
10/02/2009,16:00,5.87,6.10,5.05,5.31,163486164,0
10/09/2009,16:00,5.15,5.90,5.12,5.88,115695460,0
10/16/2009,16:00,6.13,6.36,5.65,5.74,200518665,0
10/23/2009,16:00,5.78,6.18,5.52,5.60,131031654,0
10/30/2009,16:00,5.62,5.71,4.55,4.60,147426371,0
11/06/2009,16:00,4.68,5.05,4.33,5.04,107852148,0
11/13/2009,16:00,5.12,6.73,5.07,6.53,287906534,0
11/20/2009,16:00,6.56,7.33,6.32,6.95,248816621,0
11/27/2009,16:00,7.03,7.15,6.68,6.85,80401049,0
12/04/2009,16:00,6.90,8.25,6.78,7.86,182340042,0
12/11/2009,16:00,8.25,8.90,8.23,8.64,163746804,0
12/18/2009,16:00,8.81,9.39,8.57,9.05,133839217,0
12/25/2009,16:00,9.09,9.95,9.01,9.91,87519470,0
01/01/2010,16:00,9.97,10.04,9.44,9.68,62066129,0
01/08/2010,16:00,9.79,9.90,9.18,9.43,100109864,0
01/15/2010,16:00,9.38,9.44,8.52,8.84,146853926,0
01/22/2010,16:00,8.84,9.21,7.82,7.88,154714159,0
01/29/2010,16:00,8.01,8.25,7.30,7.46,137894239,0
02/05/2010,16:00,7.61,7.98,6.98,7.35,123099042,0
02/12/2010,16:00,7.38,8.00,7.28,7.87,98355320,0
02/19/2010,16:00,7.91,8.20,7.82,7.93,48399319,0
02/26/2010,16:00,7.96,8.10,7.62,7.91,79874504,0
03/05/2010,16:00,7.94,8.70,7.94,8.61,83913495,0
03/12/2010,16:00,8.66,9.09,8.43,8.93,82649591,0
03/19/2010,16:00,8.88,9.74,8.80,9.11,94081560,0
03/26/2010,16:00,8.91,9.49,8.79,9.02,65817953,0
04/02/2010,16:00,9.08,9.49,9.06,9.37,47693791,0
04/09/2010,16:00,9.47,9.83,9.18,9.30,104057858,0
04/16/2010,16:00,9.37,10.24,9.35,9.81,183764075,0
04/23/2010,16:00,9.73,9.91,9.29,9.76,119028833,0
04/30/2010,16:00,9.80,10.15,9.06,9.07,126882069,0
05/07/2010,16:00,9.18,9.38,7.81,8.38,204095986,0
05/14/2010,16:00,8.92,9.78,8.31,8.80,201591611,0
05/21/2010,16:00,8.75,9.01,7.75,8.40,164560394,0
05/28/2010,16:00,8.32,8.87,7.68,8.57,144791608,0
06/04/2010,16:00,8.43,8.73,8.01,8.10,115561351,0
06/11/2010,16:00,8.20,8.22,7.42,8.12,137062433,0
06/18/2010,16:00,8.31,9.19,8.24,8.83,129317627,0
06/25/2010,16:00,9.03,9.16,7.93,8.09,126947086,0
07/02/2010,16:00,8.14,8.24,7.02,7.17,145215746,0
07/09/2010,16:00,7.40,7.52,6.96,7.34,91778731,0
07/16/2010,16:00,7.38,7.82,7.11,7.37,248579110,0
07/23/2010,16:00,7.41,7.84,7.15,7.82,140459036,0
07/30/2010,16:00,7.82,8.25,7.41,7.49,173991860,0
08/06/2010,16:00,7.63,7.77,7.41,7.45,115877219,0
08/13/2010,16:00,7.48,7.52,6.26,6.49,241704240,0
08/20/2010,16:00,6.47,6.77,6.19,6.25,99549502,0
08/27/2010,16:00,6.30,6.36,5.53,6.08,161056527,0
09/03/2010,16:00,6.02,6.12,5.57,6.09,133906121,0
09/10/2010,16:00,6.04,6.18,5.67,5.81,81392024,0
09/17/2010,16:00,5.89,6.47,5.89,6.12,145566258,0
09/24/2010,16:00,6.16,6.85,6.02,6.84,164051937,0
10/01/2010,16:00,6.92,7.44,6.84,7.05,198777237,0
10/08/2010,16:00,7.03,7.12,6.77,7.05,129205783,0
10/15/2010,16:00,7.10,7.48,7.00,7.12,158699043,0
10/22/2010,16:00,7.11,7.14,6.79,6.89,155947036,0
10/29/2010,16:00,6.96,7.68,6.94,7.34,130927481,0
11/05/2010,16:00,7.48,8.16,7.30,8.04,117027638,0
11/12/2010,16:00,8.03,8.24,7.46,7.63,154942807,0
11/19/2010,16:00,7.75,7.82,7.24,7.47,88900147,0
11/26/2010,16:00,7.44,7.67,7.26,7.55,40833991,0
12/03/2010,16:00,7.47,7.70,7.26,7.65,89178820,0
12/10/2010,16:00,7.65,8.23,7.61,8.07,106640080,0
12/17/2010,16:00,8.13,8.43,7.86,8.10,98431873,0
12/24/2010,16:00,8.09,8.32,7.95,8.04,44257463,0
12/31/2010,16:00,8.00,8.19,7.93,8.18,35749285,0
01/07/2011,16:00,8.44,8.95,8.39,8.83,102774546,0
01/14/2011,16:00,9.05,9.25,8.05,8.20,228493287,0
01/21/2011,16:00,8.20,8.24,7.51,7.54,134251092,0
01/28/2011,16:00,7.53,7.83,7.34,7.49,153083793,0
02/04/2011,16:00,7.55,8.60,7.50,8.40,163299527,0
02/11/2011,16:00,8.47,8.49,8.03,8.28,82098094,0
02/18/2011,16:00,8.26,9.58,8.25,9.18,200141060,0
02/25/2011,16:00,8.88,9.45,8.37,9.29,134858472,0
03/04/2011,16:00,9.34,9.39,9.00,9.23,104086741,0
03/11/2011,16:00,9.19,9.22,8.26,8.65,120837354,0
03/18/2011,16:00,8.56,8.75,7.93,8.55,94097973,0
03/25/2011,16:00,8.73,8.90,8.28,8.88,74168370,0
04/01/2011,16:00,8.89,8.89,8.27,8.36,80177768,0
04/08/2011,16:00,8.40,8.54,8.01,8.47,108762477,0
04/15/2011,16:00,8.46,8.58,8.02,8.27,66869779,0
04/22/2011,16:00,8.11,8.77,8.01,8.71,68953033,0
04/29/2011,16:00,8.65,9.14,8.42,9.10,84947108,0
05/06/2011,16:00,9.16,9.17,8.63,8.92,77071318,0
05/13/2011,16:00,8.89,9.07,8.72,8.90,69585187,0
05/20/2011,16:00,8.74,8.95,8.38,8.62,86972973,0
05/27/2011,16:00,8.49,8.69,8.31,8.49,62595615,0
06/03/2011,16:00,8.55,8.71,7.92,7.97,61307599,0
06/10/2011,16:00,7.98,7.99,7.44,7.59,87482265,0
06/17/2011,16:00,7.60,7.79,6.96,7.00,118909072,0
06/24/2011,16:00,6.97,7.25,6.72,6.90,129200591,0
07/01/2011,16:00,6.91,7.13,6.79,7.11,110492777,0
07/08/2011,16:00,7.12,7.20,6.92,6.95,61830180,0
07/15/2011,16:00,6.79,6.90,6.31,6.43,116881962,0
07/22/2011,16:00,6.37,7.79,6.09,7.75,190784347,0
07/29/2011,16:00,7.62,7.87,7.21,7.34,114905708,0
08/05/2011,16:00,7.56,7.58,6.16,6.56,162078058,0
08/12/2011,16:00,6.03,6.42,5.60,6.21,143514924,0
08/19/2011,16:00,6.31,6.47,5.64,5.98,108291926,0
08/26/2011,16:00,6.11,6.70,5.89,6.49,111227232,0
09/02/2011,16:00,6.58,6.94,6.28,6.32,90960648,0
09/09/2011,16:00,6.09,6.96,6.07,6.52,84508021,0
09/16/2011,16:00,6.43,7.44,6.40,7.20,106904244,0
09/23/2011,16:00,6.95,7.14,5.90,6.17,140507278,0
09/30/2011,16:00,6.37,6.76,5.07,5.08,181614918,0
10/07/2011,16:00,5.03,5.03,4.31,4.73,147134649,0
10/14/2011,16:00,4.85,5.07,4.75,4.92,79516838,0
10/21/2011,16:00,4.89,4.92,4.45,4.72,95422492,0
10/28/2011,16:00,4.74,6.05,4.74,5.94,147758304,0
11/04/2011,16:00,5.83,5.96,5.29,5.67,130031550,0
11/11/2011,16:00,5.67,6.00,5.34,5.95,93822306,0
11/18/2011,16:00,5.93,5.99,5.40,5.47,69584160,0
11/25/2011,16:00,5.33,5.48,4.96,4.99,61670614,0
12/02/2011,16:00,5.21,5.83,5.20,5.65,57120542,0
12/09/2011,16:00,5.76,5.84,5.39,5.54,65292682,0
12/16/2011,16:00,5.39,5.39,5.01,5.13,75972696,0
12/23/2011,16:00,5.20,5.51,4.82,5.41,62471449,0
12/30/2011,16:00,5.39,5.48,5.24,5.40,23982143,0
01/06/2012,16:00,5.51,5.59,5.35,5.43,45135745,0
01/13/2012,16:00,5.43,5.85,5.38,5.66,55083862,0
01/20/2012,16:00,5.78,6.49,5.71,6.42,78657609,0
01/27/2012,16:00,6.46,6.95,6.23,6.82,139102761,0
02/03/2012,16:00,6.76,7.12,6.61,7.08,76609933,0
02/10/2012,16:00,7.02,7.39,6.90,7.05,77460094,0
02/17/2012,16:00,7.24,7.68,7.17,7.42,80615601,0
02/24/2012,16:00,7.43,7.57,7.00,7.46,72107637,0
03/02/2012,16:00,7.40,7.70,7.27,7.46,69595619,0
03/09/2012,16:00,7.36,7.65,6.76,7.58,95495132,0
03/16/2012,16:00,7.56,8.33,7.43,8.20,97256278,0
03/23/2012,16:00,8.19,8.23,7.90,8.09,55037198,0
03/30/2012,16:00,8.16,8.35,7.93,8.02,62388369,0
04/06/2012,16:00,8.03,8.24,7.60,7.87,61937812,0
04/13/2012,16:00,7.66,7.95,7.52,7.73,58986253,0
04/20/2012,16:00,7.80,8.21,7.55,7.76,108551062,0
04/27/2012,16:00,7.56,7.65,7.21,7.33,101678677,0
05/04/2012,16:00,7.30,7.72,7.13,7.18,74394461,0
05/11/2012,16:00,7.14,7.32,6.48,6.78,86684176,0
05/18/2012,16:00,6.68,6.89,6.00,6.01,85227783,0
05/25/2012,16:00,6.10,6.34,5.89,6.22,68426714,0
06/01/2012,16:00,6.22,6.46,5.63,5.73,80712589,0
06/08/2012,16:00,5.76,6.14,5.52,5.91,66346185,0
06/15/2012,16:00,6.01,6.02,5.68,5.87,54730014,0
06/22/2012,16:00,5.82,6.09,5.63,5.73,89736531,0
06/29/2012,16:00,5.64,5.73,5.32,5.73,69141590,0
07/06/2012,16:00,5.75,6.08,5.66,5.75,45014911,0
07/13/2012,16:00,5.69,5.78,4.81,4.90,140663175,0
07/20/2012,16:00,4.82,5.07,4.20,4.22,124803158,0
07/27/2012,16:00,4.15,4.20,3.98,4.09,88599822,0
08/03/2012,16:00,4.09,4.15,3.89,4.09,63472148,0
08/10/2012,16:00,4.11,4.47,3.95,4.34,118692441,0
08/17/2012,16:00,4.29,4.35,4.08,4.10,58632407,0
08/24/2012,16:00,4.09,4.18,3.85,3.94,87938734,0
08/31/2012,16:00,3.94,3.95,3.60,3.72,73385953,0
09/07/2012,16:00,3.69,3.71,3.43,3.45,101436103,0
09/14/2012,16:00,3.50,3.99,3.46,3.90,177733142,0
09/21/2012,16:00,3.90,4.02,3.58,3.60,206009925,0
09/28/2012,16:00,3.54,3.55,3.22,3.37,111045674,0
10/05/2012,16:00,3.40,3.41,3.09,3.22,114368329,0
10/12/2012,16:00,3.21,3.26,2.74,2.74,150918185,0
10/19/2012,16:00,2.79,2.83,2.17,2.18,243823966,0
10/26/2012,16:00,2.23,2.23,2.03,2.07,147462130,0
11/02/2012,16:00,2.14,2.15,2.05,2.10,59935547,0
11/09/2012,16:00,2.10,2.14,1.96,2.03,150552893,0
11/16/2012,16:00,2.05,2.35,1.81,1.86,159884211,0
11/23/2012,16:00,1.89,1.97,1.86,1.95,46356590,0
11/30/2012,16:00,1.96,2.22,1.84,2.20,190108755,0
12/07/2012,16:00,2.28,2.48,2.21,2.36,199146293,0
12/14/2012,16:00,2.35,2.44,2.30,2.39,90966550,0
12/21/2012,16:00,2.41,2.59,2.25,2.59,128096115,0
12/28/2012,16:00,2.54,2.57,2.25,2.28,67105685,0
01/04/2013,16:00,2.28,2.59,2.28,2.59,94934528,0
01/11/2013,16:00,2.61,2.76,2.55,2.67,110872254,0
01/18/2013,16:00,2.69,2.78,2.43,2.46,132044228,0
01/25/2013,16:00,2.52,2.93,2.43,2.85,170506640,0
02/01/2013,16:00,2.89,2.92,2.45,2.60,110159145,0
02/08/2013,16:00,2.63,2.64,2.49,2.59,49412936,0
02/15/2013,16:00,2.60,2.83,2.59,2.71,71606638,0
02/22/2013,16:00,2.76,2.84,2.52,2.61,92244622,0
03/01/2013,16:00,2.64,2.65,2.42,2.42,76258048,0
03/08/2013,16:00,2.44,2.64,2.36,2.56,71800227,0
03/15/2013,16:00,2.57,2.63,2.51,2.60,55429429,0
03/22/2013,16:00,2.59,2.75,2.53,2.54,81372253,0
03/29/2013,16:00,2.57,2.62,2.49,2.55,28377441,0
04/05/2013,16:00,2.53,2.57,2.28,2.29,65282813,0
04/12/2013,16:00,2.31,2.66,2.26,2.48,123014822,0
04/19/2013,16:00,2.45,2.56,2.29,2.47,89704643,0
04/26/2013,16:00,2.47,2.72,2.43,2.64,83520493,0
05/03/2013,16:00,2.67,3.80,2.65,3.60,293409993,0
05/10/2013,16:00,3.73,3.99,3.44,3.95,221553510,0
05/17/2013,16:00,3.95,4.42,3.66,4.07,261703404,0
05/24/2013,16:00,4.18,4.20,3.79,4.05,154598443,0
05/31/2013,16:00,4.13,4.15,3.96,4.00,68834114,0
06/07/2013,16:00,4.02,4.04,3.81,3.91,91855705,0
06/14/2013,16:00,3.95,4.11,3.87,3.94,95784919,0
06/21/2013,16:00,4.12,4.18,3.86,4.00,138518530,0
06/28/2013,16:00,4.07,4.21,3.99,4.08,106437481,0
07/05/2013,16:00,4.11,4.13,3.95,4.07,42194730,0
07/12/2013,16:00,4.08,4.50,3.96,4.32,202876911,0
07/19/2013,16:00,4.34,4.65,3.85,4.03,300547687,0
07/26/2013,16:00,4.01,4.01,3.58,3.82,249747968,0
08/02/2013,16:00,3.87,3.90,3.75,3.80,122027140,0
08/09/2013,16:00,3.84,3.84,3.57,3.65,89411414,0
08/16/2013,16:00,3.62,3.84,3.61,3.66,95039481,0
08/23/2013,16:00,3.67,3.74,3.59,3.65,77651607,0
08/30/2013,16:00,3.66,3.66,3.25,3.27,138743725,0
09/06/2013,16:00,3.33,3.60,3.25,3.57,104206558,0
09/13/2013,16:00,3.63,3.89,3.62,3.83,135136457,0
09/20/2013,16:00,3.90,4.00,3.77,3.83,199160708,0
09/27/2013,16:00,3.82,3.98,3.75,3.86,94840098,0
10/04/2013,16:00,3.79,3.95,3.75,3.91,103829622,0
10/11/2013,16:00,3.87,3.91,3.55,3.83,130102047,0
10/18/2013,16:00,3.87,4.13,3.51,3.53,304565905,0
10/25/2013,16:00,3.56,3.56,3.04,3.34,313725007,0
11/01/2013,16:00,3.38,3.39,3.25,3.31,88329683,0
11/08/2013,16:00,3.34,3.38,3.20,3.27,76745976,0
11/15/2013,16:00,3.29,3.57,3.25,3.50,88792504,0
11/22/2013,16:00,3.53,3.54,3.33,3.34,68241371,0
11/29/2013,16:00,3.36,3.68,3.34,3.64,43974114,0
12/06/2013,16:00,3.65,3.71,3.48,3.66,99356022,0
12/13/2013,16:00,3.66,3.78,3.60,3.69,72566954,0
12/20/2013,16:00,3.64,3.70,3.51,3.69,72911210,0
12/27/2013,16:00,3.74,3.85,3.72,3.78,38429492,0
01/03/2014,16:00,3.79,4.00,3.78,4.00,73360144,0
01/10/2014,16:00,4.01,4.26,3.99,4.17,167670872,0
01/17/2014,16:00,4.19,4.60,4.09,4.18,225469722,0
01/24/2014,16:00,4.31,4.34,3.41,3.47,224544224,0
01/31/2014,16:00,3.48,3.57,3.35,3.43,112257707,0
02/07/2014,16:00,3.43,3.50,3.29,3.47,99251081,0
02/14/2014,16:00,3.50,3.75,3.45,3.69,99633670,0
02/21/2014,16:00,3.69,3.75,3.65,3.69,53117613,0
02/28/2014,16:00,3.71,3.77,3.63,3.71,66015952,0
03/07/2014,16:00,3.66,4.02,3.60,3.95,107156311,0
03/14/2014,16:00,4.04,4.06,3.80,3.85,129936050,0
03/21/2014,16:00,3.88,4.14,3.78,4.04,111380702,0
03/28/2014,16:00,4.05,4.14,3.87,3.88,87717103,0
04/04/2014,16:00,3.93,4.12,3.90,4.01,89233502,0
04/11/2014,16:00,3.98,4.02,3.65,3.65,109289919,0
04/18/2014,16:00,3.72,3.83,3.65,3.69,94712506,0
04/25/2014,16:00,4.01,4.35,3.96,4.05,249937634,0
05/02/2014,16:00,4.10,4.24,3.87,4.12,117027938,0
05/09/2014,16:00,4.10,4.14,3.85,3.87,79863333,0
05/16/2014,16:00,3.87,4.09,3.86,4.02,71537457,0
05/23/2014,16:00,4.00,4.11,3.96,4.02,68936692,0
05/30/2014,16:00,4.04,4.06,3.98,4.00,38128905,0
06/06/2014,16:00,4.03,4.11,3.92,4.06,57202432,0
06/13/2014,16:00,4.05,4.44,4.04,4.28,100967513,0
06/20/2014,16:00,4.26,4.50,4.07,4.10,125950788,0
06/27/2014,16:00,4.06,4.11,3.90,4.11,121569749,0
07/04/2014,16:00,4.12,4.40,4.08,4.24,98223448,0
07/11/2014,16:00,4.23,4.40,4.10,4.37,142992460,0
07/18/2014,16:00,4.44,4.80,3.67,3.83,480118583,0
07/25/2014,16:00,3.86,3.87,3.69,3.76,159733348,0
08/01/2014,16:00,3.77,4.02,3.68,3.97,256463090,0
08/08/2014,16:00,3.97,4.20,3.93,4.12,137985272,0
08/15/2014,16:00,4.03,4.19,3.99,4.13,146830935,0
08/22/2014,16:00,4.14,4.32,4.14,4.25,100902394,0
08/29/2014,16:00,4.27,4.27,4.07,4.17,43168563,0
09/05/2014,16:00,4.16,4.25,4.15,4.15,41635340,0
09/12/2014,16:00,4.13,4.18,3.96,3.96,52915950,0
09/19/2014,16:00,3.98,4.02,3.70,3.81,122479487,0
09/26/2014,16:00,3.81,3.83,3.60,3.60,72816060,0
10/03/2014,16:00,3.56,3.66,3.28,3.40,161166798,0
10/10/2014,16:00,3.42,3.44,2.71,2.72,174179711,0
10/17/2014,16:00,2.78,2.86,2.54,2.72,229910193,0
10/24/2014,16:00,2.79,2.80,2.60,2.68,111477519,0
10/31/2014,16:00,2.67,2.83,2.65,2.80,79518713,0
11/07/2014,16:00,2.81,2.91,2.75,2.78,50126048,0
11/14/2014,16:00,2.78,2.81,2.61,2.61,59870423,0
11/21/2014,16:00,2.62,2.77,2.59,2.77,64247763,0
11/28/2014,16:00,2.80,2.86,2.76,2.79,39560530,0
12/05/2014,16:00,2.77,2.82,2.61,2.66,71745435,0
12/12/2014,16:00,2.65,2.68,2.35,2.52,97381780,0
12/19/2014,16:00,2.52,2.60,2.42,2.57,76334858,0
12/26/2014,16:00,2.55,2.72,2.52,2.65,31974944,0
01/02/2015,16:00,2.64,2.73,2.63,2.69,35818874,0
01/09/2015,16:00,2.67,2.70,2.54,2.63,55216580,0
01/16/2015,16:00,2.62,2.68,2.39,2.39,85813338,0
01/23/2015,16:00,2.39,2.50,2.14,2.45,150520863,0
01/30/2015,16:00,2.45,2.84,2.44,2.57,143861690,0
02/06/2015,16:00,2.69,3.37,2.65,3.03,194765849,0
02/13/2015,16:00,3.03,3.18,2.93,3.15,72472472,0
02/20/2015,16:00,3.16,3.17,3.01,3.06,33205330,0
02/27/2015,16:00,3.05,3.14,3.02,3.11,39222318,0
03/06/2015,16:00,3.13,3.23,2.83,2.92,64662720,0
03/13/2015,16:00,2.92,2.98,2.71,2.75,56437367,0
03/20/2015,16:00,2.75,2.82,2.72,2.80,44844493,0
03/27/2015,16:00,2.81,2.85,2.53,2.72,88290421,0
04/03/2015,16:00,2.73,2.76,2.65,2.69,33871294,0
04/10/2015,16:00,2.68,2.78,2.68,2.76,31577969,0
04/17/2015,16:00,2.76,2.94,2.45,2.58,118839648,0
04/24/2015,16:00,2.56,2.57,2.25,2.30,118210288,0
05/01/2015,16:00,2.30,2.37,2.25,2.31,59933929,0
05/08/2015,16:00,2.31,2.36,2.24,2.31,65308105,0
05/15/2015,16:00,2.31,2.39,2.30,2.32,44560291,0
05/22/2015,16:00,2.35,2.37,2.27,2.28,41242038,0
05/29/2015,16:00,2.27,2.33,2.20,2.28,47623951,0
06/05/2015,16:00,2.29,2.34,2.25,2.33,40897451,0
06/12/2015,16:00,2.31,2.36,2.28,2.31,38885384,0
06/19/2015,16:00,2.32,2.59,2.29,2.58,96872556,0
06/26/2015,16:00,2.61,2.67,2.37,2.47,170260842,0
07/03/2015,16:00,2.41,2.63,2.31,2.53,92913689,0
07/10/2015,16:00,2.46,2.54,1.93,1.96,122969935,0
07/17/2015,16:00,1.97,2.09,1.74,1.79,87191396,0
07/24/2015,16:00,1.82,1.84,1.65,1.67,70340442,0
07/31/2015,16:00,1.67,1.99,1.61,1.93,75684909,0
08/07/2015,16:00,1.93,2.21,1.90,2.09,70939089,0
08/14/2015,16:00,1.92,1.98,1.79,1.84,59956228,0
08/21/2015,16:00,1.82,1.88,1.68,1.78,52530690,0
08/28/2015,16:00,1.68,1.87,1.65,1.85,62794190,0
09/04/2015,16:00,1.82,1.87,1.71,1.82,35172500,0
09/11/2015,16:00,1.85,2.14,1.81,2.01,53922464,0
09/18/2015,16:00,2.00,2.00,1.81,1.87,45556801,0
09/25/2015,16:00,1.87,1.90,1.66,1.71,41894467,0
10/02/2015,16:00,1.69,1.83,1.65,1.83,31115711,0
10/09/2015,16:00,1.82,1.96,1.77,1.96,41947989,0
10/16/2015,16:00,1.96,2.06,1.85,1.94,73442441,0
10/23/2015,16:00,1.91,2.21,1.91,2.21,48994045,0
10/30/2015,16:00,2.21,2.21,2.10,2.12,28417235,0
11/06/2015,16:00,2.13,2.30,2.11,2.15,36069180,0
11/13/2015,16:00,2.15,2.18,1.94,1.99,25422933,0
11/20/2015,16:00,1.99,2.25,1.95,2.22,34790755,0
11/27/2015,16:00,2.22,2.40,2.17,2.33,30244740,0
12/04/2015,16:00,2.34,2.37,2.20,2.28,34705922,0
12/11/2015,16:00,2.26,2.50,2.21,2.36,51205149,0
12/18/2015,16:00,2.36,2.60,2.30,2.45,64030286,0
12/25/2015,16:00,2.47,3.00,2.43,2.92,74035957,0
01/01/2016,16:00,2.91,3.06,2.86,2.87,52484119,0
01/08/2016,16:00,2.77,2.82,2.10,2.14,123274343,0
01/15/2016,16:00,2.16,2.46,1.99,2.03,87230979,0
01/22/2016,16:00,2.08,2.18,1.75,2.02,90855923,0
01/29/2016,16:00,2.01,2.20,2.01,2.20,54128026,0
02/05/2016,16:00,2.17,2.19,1.95,1.98,46218076,0
02/12/2016,16:00,1.97,2.00,1.81,1.83,53862156,0
02/19/2016,16:00,1.86,1.98,1.82,1.91,44231065,0
02/26/2016,16:00,1.94,2.10,1.93,2.07,37038156,0
03/04/2016,16:00,2.06,2.55,2.05,2.37,68798584,0
03/11/2016,16:00,2.36,2.54,2.15,2.52,62919103,0
03/18/2016,16:00,2.53,2.93,2.45,2.93,123768566,0
03/25/2016,16:00,2.90,2.90,2.62,2.79,43988032,0
04/01/2016,16:00,2.81,2.98,2.70,2.83,53575013,0
04/08/2016,16:00,2.83,2.87,2.61,2.74,49734135,0
04/15/2016,16:00,2.76,2.85,2.68,2.70,49697810,0
04/22/2016,16:00,2.67,3.99,2.60,3.99,185807370,0
04/29/2016,16:00,3.81,3.82,3.31,3.55,179079425,0
05/06/2016,16:00,3.58,3.80,3.54,3.68,72814999,0
05/13/2016,16:00,3.66,3.73,3.45,3.67,58980576,0
05/20/2016,16:00,3.67,3.98,3.65,3.87,85773405,0
05/27/2016,16:00,3.90,4.63,3.88,4.60,151526160,0
06/03/2016,16:00,4.67,4.71,4.07,4.16,107972396,0
06/10/2016,16:00,4.20,4.67,4.17,4.32,89405730,0
06/17/2016,16:00,4.32,5.27,4.30,5.26,140950310,0
06/24/2016,16:00,5.39,5.52,4.76,4.88,193243562,0
07/01/2016,16:00,4.88,5.40,4.65,5.07,137907974,0
07/08/2016,16:00,5.03,5.15,4.82,5.10,79679870,0
07/15/2016,16:00,5.13,5.24,5.00,5.14,90162346,0
07/22/2016,16:00,5.19,5.97,5.10,5.84,224241685,0
07/29/2016,16:00,5.93,7.16,5.92,6.86,288222671,0
08/05/2016,16:00,6.89,6.92,6.15,6.61,133928263,0
08/12/2016,16:00,6.70,6.85,6.25,6.73,106012077,0
08/19/2016,16:00,6.79,8.00,6.61,7.62,174812070,0
08/26/2016,16:00,7.83,7.95,7.20,7.67,139833318,0
09/02/2016,16:00,7.72,7.79,7.09,7.51,92636157,0
09/09/2016,16:00,7.56,7.60,5.85,5.90,344359207,0
09/16/2016,16:00,5.83,6.22,5.66,6.05,293726564,0
09/23/2016,16:00,6.12,6.65,6.08,6.55,197148562,0
09/30/2016,16:00,6.54,7.04,6.29,6.91,165989148,0
10/07/2016,16:00,6.95,7.15,6.62,6.75,147580993,0
10/14/2016,16:00,6.82,7.12,6.24,6.75,177240095,0
10/21/2016,16:00,6.92,6.98,6.37,6.52,207847641,0
10/28/2016,16:00,6.57,7.53,6.54,7.20,294545298,0
11/04/2016,16:00,7.24,7.46,6.46,6.56,181994250,0
11/11/2016,16:00,6.79,7.18,6.22,6.69,224449002,0
11/18/2016,16:00,6.72,8.83,6.61,8.71,323160638,0
11/25/2016,16:00,8.87,9.22,8.50,8.77,185768776,0
12/02/2016,16:00,8.72,9.23,8.26,8.53,216332411,0
12/09/2016,16:00,8.69,10.66,8.45,10.34,343764012,0
12/16/2016,16:00,10.40,11.23,10.27,10.66,283928325,0
12/23/2016,16:00,10.81,11.75,10.52,11.58,218953121,0
12/30/2016,16:00,11.65,12.42,11.01,11.34,209920576,0
01/06/2017,16:00,11.42,11.69,11.02,11.32,169271826,0
01/13/2017,16:00,11.37,11.64,10.33,10.58,219504935,0
01/20/2017,16:00,10.17,10.25,9.42,9.75,196422823,0
01/27/2017,16:00,9.68,10.98,9.68,10.67,202368814,0
02/03/2017,16:00,10.62,12.66,10.22,12.24,433730507,0
02/10/2017,16:00,12.46,14.27,12.38,13.58,503020036,0
02/17/2017,16:00,13.70,13.95,12.60,13.13,225004927,0
02/24/2017,16:00,13.45,14.50,13.40,14.12,264468333,0
03/03/2017,16:00,14.27,15.55,12.79,13.03,578628868,0
03/10/2017,16:00,13.00,13.93,12.38,13.91,375540024,0
03/17/2017,16:00,14.48,14.68,13.36,13.49,450199332,0
03/24/2017,16:00,13.68,14.50,13.54,13.70,320007235,0
03/31/2017,16:00,13.35,14.75,13.21,14.55,246669532,0
04/07/2017,16:00,14.60,14.74,12.83,13.52,375594494,0
04/14/2017,16:00,13.52,13.59,12.22,12.31,197922618,0
04/21/2017,16:00,12.53,13.21,12.37,13.00,179516952,0
04/28/2017,16:00,13.23,13.76,13.05,13.30,190349362,0
05/05/2017,16:00,13.43,13.63,9.85,10.19,606062519,0
05/12/2017,16:00,10.22,11.40,10.00,11.26,281133509,0
05/19/2017,16:00,11.41,12.77,10.81,11.41,514081079,0
05/26/2017,16:00,11.49,11.55,10.62,11.00,237016068,0
06/02/2017,16:00,10.95,11.49,10.57,10.90,169326140,0
06/09/2017,16:00,10.84,13.40,10.80,12.28,589181326,0
06/16/2017,16:00,11.75,12.48,11.21,11.44,386438955,0
06/23/2017,16:00,11.63,14.67,11.62,14.17,718972795,0
06/30/2017,16:00,14.39,14.49,12.36,12.48,422500882,0
07/07/2017,16:00,12.57,13.75,12.13,13.36,316699295,0
07/14/2017,16:00,13.61,14.49,13.27,13.92,421672325,0
07/21/2017,16:00,14.03,14.12,13.15,13.88,300768250,0
07/28/2017,16:00,14.00,15.65,13.68,13.95,602212622,0
08/04/2017,16:00,14.09,14.22,13.02,13.12,302572130,0
08/11/2017,16:00,13.33,13.57,11.88,12.23,310358465,0
08/18/2017,16:00,12.58,13.19,12.25,12.37,271948416,0
08/25/2017,16:00,12.42,12.71,11.86,12.43,209268831,0
09/01/2017,16:00,12.53,13.49,11.93,13.19,218501329,0
09/08/2017,16:00,12.88,13.18,12.04,12.25,182464283,0
09/15/2017,16:00,12.46,12.74,12.11,12.52,222527420,0
09/22/2017,16:00,12.77,14.24,12.74,13.30,469023956,0
09/29/2017,16:00,13.25,13.28,12.43,12.75,282160720,0
10/06/2017,16:00,12.80,13.50,12.62,13.23,224955530,0
10/13/2017,16:00,13.26,14.41,13.26,14.22,243472974,0
10/20/2017,16:00,14.25,14.35,13.69,13.81,168487281,0
10/27/2017,16:00,13.94,14.36,11.35,11.84,504767522,0
11/03/2017,16:00,11.26,11.42,10.65,11.12,375467362,0
11/10/2017,16:00,12.04,12.27,11.03,11.26,350346065,0
11/17/2017,16:00,11.18,11.75,10.77,11.38,213414042,0
11/24/2017,16:00,11.47,11.51,11.19,11.38,102694125,0
12/01/2017,16:00,11.34,11.74,10.53,10.73,255791613,0
12/08/2017,16:00,10.85,10.86,9.70,9.94,271147173,0
12/15/2017,16:00,9.97,10.32,9.88,10.29,182131390,0
12/22/2017,16:00,10.60,11.19,10.20,10.54,211699835,0
12/29/2017,16:00,10.38,10.74,10.27,10.28,88647959,0
01/05/2018,16:00,10.42,12.43,10.34,11.88,371524909,0
01/12/2018,16:00,12.01,12.30,11.56,12.02,263972404,0
01/19/2018,16:00,12.05,12.88,11.80,12.59,190594268,0
01/26/2018,16:00,12.61,13.05,12.32,12.95,210337818,0
02/02/2018,16:00,13.13,13.85,12.43,12.45,445835535,0
02/09/2018,16:00,12.05,12.18,10.63,11.31,401380424,0
02/16/2018,16:00,11.47,12.63,11.43,11.82,255505184,0
02/23/2018,16:00,11.72,12.19,11.63,12.07,158496181,0
03/02/2018,16:00,12.14,12.88,11.43,11.81,262958831,0
03/09/2018,16:00,11.69,12.82,11.55,11.70,383774791,0
03/16/2018,16:00,11.76,12.04,11.10,11.47,442556971,0
03/23/2018,16:00,11.41,11.74,10.57,10.63,277905951,0
03/30/2018,16:00,10.71,10.80,9.79,10.05,257943333,0
04/06/2018,16:00,9.99,10.20,9.04,9.61,303918997,0
04/13/2018,16:00,9.75,10.22,9.52,9.93,197308511,0
04/20/2018,16:00,10.00,10.65,9.90,9.99,213538515,0
04/27/2018,16:00,10.09,11.36,9.56,11.11,398173348,0
05/04/2018,16:00,11.06,11.29,10.77,11.28,204513204,0
05/11/2018,16:00,11.32,12.18,11.30,11.95,232434079,0
05/18/2018,16:00,12.14,13.26,12.11,13.00,260566888,0
05/25/2018,16:00,13.25,13.72,12.71,13.54,229134809,0
06/01/2018,16:00,13.45,14.40,13.26,14.40,216240479,0
06/08/2018,16:00,14.76,15.97,14.31,15.25,409522324,0
06/15/2018,16:00,15.21,16.79,15.01,16.34,428628279,0
06/22/2018,16:00,16.18,17.34,15.46,15.80,428036369,0
06/29/2018,16:00,15.64,15.76,14.54,14.99,294890806,0
07/06/2018,16:00,14.80,16.39,14.74,16.36,181297742,0
07/13/2018,16:00,16.73,16.84,16.02,16.27,223049232,0
07/20/2018,16:00,16.42,17.00,16.41,16.50,232644140,0
07/27/2018,16:00,16.47,19.88,15.72,18.94,541346874,0
08/03/2018,16:00,19.40,20.18,18.00,18.49,460821238,0
08/10/2018,16:00,18.89,19.77,18.46,19.06,320958036,0
08/17/2018,16:00,19.16,20.28,18.73,19.77,387312840,0
08/24/2018,16:00,19.79,24.00,19.35,23.98,458387239,0
08/31/2018,16:00,24.94,27.30,24.01,25.17,852866466,0
09/07/2018,16:00,25.62,29.94,25.57,27.38,717181939,0
09/14/2018,16:00,28.15,34.14,27.84,32.72,1041955807,0
09/21/2018,16:00,31.75,33.37,30.51,31.02,734280249,0
09/28/2018,16:00,31.13,33.60,29.98,30.89,569638010,0
10/05/2018,16:00,30.69,31.91,26.54,27.35,613996155,0
10/12/2018,16:00,26.73,27.71,24.55,26.34,615007358,0
10/19/2018,16:00,26.38,28.53,23.60,23.66,462942994,0
10/26/2018,16:00,24.46,25.64,17.05,17.63,659273676,0
11/02/2018,16:00,18.21,21.06,16.17,20.23,564677077,0
11/09/2018,16:00,20.12,22.22,18.88,21.03,552416471,0
11/16/2018,16:00,20.68,21.77,18.80,20.66,488510499,0
11/23/2018,16:00,20.40,20.59,17.18,19.38,339644605,0
11/30/2018,16:00,19.96,21.88,19.11,21.30,499090910,0
12/07/2018,16:00,22.48,23.75,19.17,19.46,476197538,0
12/14/2018,16:00,19.35,21.14,19.27,19.90,439174190,0
12/21/2018,16:00,20.01,20.03,16.76,16.93,589235838,0
12/28/2018,16:00,16.52,18.31,16.03,17.82,392332295,0
01/04/2019,16:00,18.15,19.07,16.94,19.00,401037019,0
01/11/2019,16:00,19.44,21.44,18.90,20.27,593112211,0
01/18/2019,16:00,19.96,21.05,19.02,20.77,378134685,0
01/25/2019,16:00,20.48,22.03,19.55,21.93,364313502,0
02/01/2019,16:00,20.32,25.14,19.05,24.51,765719553,0
02/08/2019,16:00,24.45,24.66,22.27,23.05,436607483,0
02/15/2019,16:00,23.05,24.05,22.59,23.68,328803629,0
02/22/2019,16:00,23.63,24.41,23.61,24.36,216868428,0
03/01/2019,16:00,25.01,25.52,23.11,23.68,261809322,0
03/08/2019,16:00,23.89,24.13,21.04,22.01,246243745,0
03/15/2019,16:00,22.15,24.15,21.98,23.29,256875075,0
03/22/2019,16:00,23.30,28.11,23.04,26.37,587009728,0
03/29/2019,16:00,26.29,26.99,24.55,25.52,360947763,0
04/05/2019,16:00,26.42,29.95,25.83,28.98,461863402,0
04/12/2019,16:00,28.69,28.95,27.19,27.79,242711609,0
