"Date","Time","Open","High","Low","Close","Vol","OI"
04/02/1993,16:00,600.00,650.00,600.00,606.20,837,0
04/09/1993,16:00,600.00,650.00,600.00,625.00,295,0
04/16/1993,16:00,650.00,650.00,600.00,625.00,689,0
04/23/1993,16:00,650.00,687.50,625.00,687.50,163,0
04/30/1993,16:00,700.00,850.00,700.00,850.00,3956,0
05/07/1993,16:00,850.00,925.00,812.50,875.00,2076,0
05/14/1993,16:00,875.00,950.00,850.00,950.00,1443,0
05/21/1993,16:00,950.00,950.00,875.00,900.00,826,0
05/28/1993,16:00,900.00,1050.00,875.00,1050.00,6065,0
06/04/1993,16:00,1050.00,1175.00,1025.00,1175.00,1037,0
06/11/1993,16:00,1175.00,1175.00,975.00,1025.00,1627,0
06/18/1993,16:00,1025.00,1125.00,1025.00,1087.50,672,0
06/25/1993,16:00,1100.00,1200.00,1087.50,1200.00,1542,0
07/02/1993,16:00,1200.00,1375.00,1150.00,1300.00,474,0
07/09/1993,16:00,1425.00,1425.00,1350.00,1375.00,121,0
07/16/1993,16:00,1375.00,1375.00,1125.00,1137.50,1508,0
07/23/1993,16:00,1175.00,1187.50,1075.00,1187.50,317,0
07/30/1993,16:00,1187.50,1187.50,1150.00,1150.00,30,0
08/06/1993,16:00,1150.00,1200.00,1150.00,1200.00,1,0
08/13/1993,16:00,1150.00,1200.00,1150.00,1175.00,414,0
08/20/1993,16:00,1150.00,1200.00,1150.00,1150.00,3935,0
08/27/1993,16:00,1200.00,1200.00,1150.00,1200.00,35,0
09/03/1993,16:00,1175.00,1375.00,1175.00,1375.00,603,0
09/10/1993,16:00,1312.50,1337.50,1300.00,1325.00,2221,0
09/17/1993,16:00,1325.00,1325.00,1300.00,1300.00,15,0
09/24/1993,16:00,1300.00,1300.00,1075.00,1075.00,287,0
10/01/1993,16:00,1075.00,1075.00,950.00,950.00,106,0
10/08/1993,16:00,900.00,925.00,850.00,875.00,8405,0
10/15/1993,16:00,875.00,1075.00,875.00,1025.00,1899,0
10/22/1993,16:00,1075.00,1125.00,1000.00,1125.00,2238,0
10/29/1993,16:00,1150.00,1325.00,1100.00,1200.00,2502,0
11/05/1993,16:00,1200.00,1200.00,987.50,1050.00,20710,0
11/12/1993,16:00,1050.00,1050.00,1000.00,1025.00,565,0
11/19/1993,16:00,1000.00,1000.00,950.00,950.00,409,0
11/26/1993,16:00,950.00,975.00,950.00,975.00,809,0
12/03/1993,16:00,975.00,1025.00,975.00,1000.00,11036,0
12/10/1993,16:00,975.00,1000.00,975.00,975.00,1268,0
12/17/1993,16:00,975.00,1000.00,875.00,925.00,879,0
12/24/1993,16:00,925.00,975.00,900.00,900.00,194,0
12/31/1993,16:00,900.00,925.00,850.00,875.00,3181,0
01/07/1994,16:00,850.00,900.00,837.50,900.00,5873,0
01/14/1994,16:00,900.00,900.00,850.00,900.00,85,0
01/21/1994,16:00,900.00,900.00,837.50,875.00,392,0
01/28/1994,16:00,850.00,875.00,825.00,875.00,2220,0
02/04/1994,16:00,850.00,1025.00,850.00,975.00,4435,0
02/11/1994,16:00,975.00,1050.00,875.00,875.00,768,0
02/18/1994,16:00,900.00,925.00,850.00,912.50,222,0
02/25/1994,16:00,875.00,900.00,875.00,875.00,1515,0
03/04/1994,16:00,875.00,975.00,850.00,962.50,3910,0
03/11/1994,16:00,962.50,975.00,925.00,962.50,11324,0
03/18/1994,16:00,1000.00,1025.00,950.00,975.00,917,0
03/25/1994,16:00,975.00,1000.00,962.50,1000.00,4865,0
04/01/1994,16:00,975.00,987.50,900.00,950.00,445,0
04/08/1994,16:00,900.00,912.50,812.50,900.00,7455,0
04/15/1994,16:00,900.00,900.00,875.00,875.00,2146,0
04/22/1994,16:00,875.00,925.00,825.00,825.00,455,0
04/29/1994,16:00,825.00,825.00,825.00,825.00,10,0
05/06/1994,16:00,825.00,862.50,800.00,825.00,389,0
05/13/1994,16:00,825.00,825.00,800.00,800.00,27,0
05/20/1994,16:00,800.00,800.00,800.00,800.00,7,0
05/27/1994,16:00,800.00,850.00,750.00,812.50,476,0
06/03/1994,16:00,812.50,825.00,756.80,812.50,105,0
06/10/1994,16:00,750.00,750.00,700.00,700.00,6871,0
06/17/1994,16:00,737.50,750.00,700.00,700.00,8793,0
06/24/1994,16:00,662.50,700.00,550.00,575.00,884,0
07/01/1994,16:00,551.00,600.00,500.00,537.50,1541,0
07/08/1994,16:00,525.00,550.00,462.50,550.00,2194,0
07/15/1994,16:00,490.80,537.50,475.00,512.50,828,0
07/22/1994,16:00,525.00,550.00,500.00,525.00,723,0
07/29/1994,16:00,500.00,525.00,487.50,512.50,333,0
08/05/1994,16:00,512.50,550.00,512.50,550.00,335,0
08/12/1994,16:00,550.00,600.00,550.00,575.00,1270,0
08/19/1994,16:00,600.00,762.50,600.00,762.50,5366,0
08/26/1994,16:00,800.00,800.00,712.50,737.50,276,0
09/02/1994,16:00,737.50,925.00,737.50,850.00,8752,0
09/09/1994,16:00,887.50,900.00,850.00,900.00,9777,0
09/16/1994,16:00,900.00,900.00,850.00,862.50,583,0
09/23/1994,16:00,862.50,862.50,800.00,800.00,243,0
09/30/1994,16:00,812.50,875.00,812.50,825.00,110,0
10/07/1994,16:00,825.00,825.00,787.50,800.00,481,0
10/14/1994,16:00,800.00,800.00,750.00,750.00,158,0
10/21/1994,16:00,750.00,750.00,712.50,712.50,400,0
10/28/1994,16:00,712.50,712.50,712.50,712.50,145,0
11/04/1994,16:00,712.50,712.50,700.00,700.00,175,0
11/11/1994,16:00,700.00,750.00,700.00,750.00,461,0
11/18/1994,16:00,750.00,750.00,650.00,650.00,4935,0
11/25/1994,16:00,675.00,675.00,650.00,662.50,85,0
12/02/1994,16:00,725.00,750.00,700.00,750.00,4382,0
12/09/1994,16:00,700.00,700.00,700.00,700.00,125,0
12/16/1994,16:00,700.00,725.00,700.00,700.00,1334,0
12/23/1994,16:00,700.00,700.00,667.10,667.70,99,0
12/30/1994,16:00,675.00,712.50,650.00,650.00,826,0
01/06/1995,16:00,650.00,675.00,500.00,500.00,179,0
01/13/1995,16:00,512.50,550.00,500.00,550.00,800,0
01/20/1995,16:00,525.00,587.50,525.00,575.00,1847,0
01/27/1995,16:00,600.00,650.00,575.00,600.00,3950,0
02/03/1995,16:00,612.50,650.00,600.00,637.50,1761,0
02/10/1995,16:00,625.00,650.00,625.00,625.00,862,0
02/17/1995,16:00,650.00,650.00,625.00,650.00,2145,0
02/24/1995,16:00,662.50,662.50,625.00,644.10,1760,0
03/03/1995,16:00,637.50,650.00,625.00,625.00,657,0
03/10/1995,16:00,625.00,650.00,625.00,650.00,25,0
03/17/1995,16:00,625.00,637.50,606.70,622.10,299,0
03/24/1995,16:00,600.00,612.50,575.00,612.50,361,0
03/31/1995,16:00,612.50,612.50,575.00,612.50,4441,0
04/07/1995,16:00,612.50,675.00,600.00,675.00,2740,0
04/14/1995,16:00,687.50,687.50,662.50,675.00,235,0
04/21/1995,16:00,662.50,675.00,662.50,675.00,332,0
04/28/1995,16:00,700.00,700.00,612.50,612.50,278,0
05/05/1995,16:00,600.00,694.50,600.00,694.50,1412,0
05/12/1995,16:00,712.50,712.50,675.00,675.00,130,0
05/19/1995,16:00,675.00,687.50,625.00,625.00,578,0
05/26/1995,16:00,625.00,625.00,600.00,600.00,737,0
06/02/1995,16:00,600.00,637.50,600.00,637.50,40,0
06/09/1995,16:00,600.00,637.50,600.00,612.50,1507,0
06/16/1995,16:00,612.50,637.50,537.50,600.00,12133,0
06/23/1995,16:00,625.00,625.00,587.50,600.00,2145,0
06/30/1995,16:00,600.00,612.50,575.00,575.00,2071,0
07/07/1995,16:00,575.00,681.20,575.00,675.00,3134,0
07/14/1995,16:00,687.50,700.00,644.30,650.00,2431,0
07/21/1995,16:00,675.00,675.00,650.00,662.50,1230,0
07/28/1995,16:00,650.00,675.00,650.00,675.00,2244,0
08/04/1995,16:00,650.00,712.50,650.00,712.50,3527,0
08/11/1995,16:00,700.00,700.00,687.50,700.00,561,0
08/18/1995,16:00,725.00,762.50,700.00,762.50,3679,0
08/25/1995,16:00,787.50,937.50,762.50,925.00,1805,0
09/01/1995,16:00,900.00,912.50,887.50,912.50,6664,0
09/08/1995,16:00,912.50,962.50,900.00,962.50,1842,0
09/15/1995,16:00,962.50,1000.00,937.50,962.50,3085,0
09/22/1995,16:00,950.00,950.00,912.50,925.00,2774,0
09/29/1995,16:00,925.00,925.00,875.00,900.00,884,0
10/06/1995,16:00,912.50,937.50,900.00,900.00,2615,0
10/13/1995,16:00,937.50,950.00,900.00,925.00,2666,0
10/20/1995,16:00,937.50,1012.50,925.00,962.50,5429,0
10/27/1995,16:00,975.00,975.00,875.00,875.00,3592,0
11/03/1995,16:00,912.50,912.50,887.50,887.50,230,0
11/10/1995,16:00,912.50,912.50,812.50,837.50,1105,0
11/17/1995,16:00,837.50,887.50,837.50,875.00,1819,0
11/24/1995,16:00,875.00,875.00,837.50,837.50,215,0
12/01/1995,16:00,837.50,887.50,837.50,887.50,1122,0
12/08/1995,16:00,887.50,900.00,850.00,887.50,1078,0
12/15/1995,16:00,887.50,887.50,862.50,869.80,813,0
12/22/1995,16:00,875.00,887.50,837.50,862.50,544,0
12/29/1995,16:00,862.50,900.00,850.00,900.00,1586,0
01/05/1996,16:00,925.00,937.50,887.50,912.50,1312,0
01/12/1996,16:00,912.50,962.50,887.50,962.50,910,0
01/19/1996,16:00,937.50,987.50,925.00,950.00,1914,0
01/26/1996,16:00,975.00,1000.00,962.50,1000.00,1674,0
02/02/1996,16:00,1000.00,1087.50,975.00,1037.50,4002,0
02/09/1996,16:00,1062.50,1087.50,975.00,1000.00,4724,0
02/16/1996,16:00,1000.00,1087.50,1000.00,1062.50,1246,0
02/23/1996,16:00,1050.00,1100.00,1037.50,1056.50,2242,0
03/01/1996,16:00,1050.00,1062.50,987.50,1012.50,451,0
03/08/1996,16:00,987.50,1012.50,962.50,962.50,1631,0
03/15/1996,16:00,962.50,1000.00,950.00,981.50,818,0
03/22/1996,16:00,1000.00,1000.00,925.00,962.50,1308,0
03/29/1996,16:00,956.80,962.50,912.50,937.50,2114,0
04/05/1996,16:00,937.50,962.50,900.00,962.50,3311,0
04/12/1996,16:00,919.30,950.00,912.50,919.50,5638,0
04/19/1996,16:00,912.50,931.30,906.50,931.20,1368,0
04/26/1996,16:00,912.50,950.00,875.00,950.00,1556,0
05/03/1996,16:00,962.50,1000.00,937.50,969.10,1922,0
05/10/1996,16:00,950.00,1087.50,937.50,1075.00,2194,0
05/17/1996,16:00,1100.00,1100.00,1000.00,1000.00,1402,0
05/24/1996,16:00,1025.00,1025.00,1000.00,1000.00,653,0
05/31/1996,16:00,1012.50,1025.00,962.50,1025.00,6655,0
06/07/1996,16:00,1025.00,1037.50,987.50,1025.00,1316,0
06/14/1996,16:00,1037.50,1137.50,1025.00,1125.00,3184,0
06/21/1996,16:00,1100.00,1125.00,975.00,987.50,1755,0
06/28/1996,16:00,975.00,1000.00,975.00,975.00,1346,0
07/05/1996,16:00,962.50,987.50,950.00,962.50,303,0
07/12/1996,16:00,975.00,975.00,937.50,950.00,424,0
07/19/1996,16:00,925.00,925.00,875.00,900.00,335,0
07/26/1996,16:00,925.00,931.25,800.00,800.00,659,0
08/02/1996,16:00,825.00,825.00,762.50,787.50,867,0
08/09/1996,16:00,798.44,800.00,775.00,787.50,344,0
08/16/1996,16:00,762.50,775.00,662.50,662.50,1195,0
08/23/1996,16:00,662.50,750.00,637.50,750.00,3018,0
08/30/1996,16:00,750.00,825.00,750.00,787.50,2114,0
09/06/1996,16:00,787.50,812.50,737.50,737.50,2144,0
09/13/1996,16:00,750.00,787.50,725.00,787.50,790,0
09/20/1996,16:00,787.50,800.00,737.50,737.50,633,0
09/27/1996,16:00,737.50,737.50,712.50,725.00,1088,0
10/04/1996,16:00,712.50,725.00,662.50,675.00,3735,0
10/11/1996,16:00,700.00,700.00,637.50,650.00,59,0
10/18/1996,16:00,637.50,650.00,612.50,612.50,1864,0
10/25/1996,16:00,625.00,650.00,600.00,650.00,5124,0
11/01/1996,16:00,625.00,650.00,562.50,587.50,1382,0
11/08/1996,16:00,562.50,575.00,550.00,550.00,3976,0
11/15/1996,16:00,556.25,600.00,550.00,575.00,2863,0
11/22/1996,16:00,575.00,600.00,575.00,587.50,109,0
11/29/1996,16:00,575.00,600.00,568.75,575.00,1171,0
12/06/1996,16:00,575.00,712.50,575.00,650.00,2318,0
12/13/1996,16:00,637.50,662.50,637.50,662.50,251,0
12/20/1996,16:00,637.50,662.50,600.00,625.00,3411,0
12/27/1996,16:00,612.50,625.00,575.00,575.00,347,0
01/03/1997,16:00,575.00,600.00,575.00,600.00,199,0
01/10/1997,16:00,587.50,593.75,550.00,575.00,2949,0
01/17/1997,16:00,587.50,587.50,537.50,543.75,2164,0
01/24/1997,16:00,556.25,556.25,500.00,525.00,3645,0
01/31/1997,16:00,525.00,562.50,518.75,562.50,1303,0
02/07/1997,16:00,562.50,562.50,537.50,550.00,1352,0
02/14/1997,16:00,556.25,562.50,462.50,487.50,865,0
02/21/1997,16:00,487.50,512.50,475.00,487.50,3098,0
02/28/1997,16:00,475.00,500.00,475.00,500.00,2450,0
03/07/1997,16:00,500.00,500.00,475.00,475.00,762,0
03/14/1997,16:00,487.50,500.00,437.50,500.00,1105,0
03/21/1997,16:00,506.25,506.25,500.00,500.00,51,0
03/28/1997,16:00,487.50,518.75,487.50,518.75,87,0
04/04/1997,16:00,500.00,506.25,462.50,462.50,829,0
04/11/1997,16:00,475.00,481.25,456.25,481.25,571,0
04/18/1997,16:00,475.00,475.00,450.00,450.00,616,0
04/25/1997,16:00,475.00,475.00,412.50,443.75,989,0
05/02/1997,16:00,443.75,525.00,443.75,525.00,2129,0
05/09/1997,16:00,531.25,537.50,500.00,500.00,641,0
05/16/1997,16:00,512.50,675.00,512.50,606.25,1005,0
05/23/1997,16:00,625.00,650.00,625.00,650.00,123,0
05/30/1997,16:00,631.25,675.00,631.25,650.00,480,0
06/06/1997,16:00,650.00,650.00,600.00,600.00,1384,0
06/13/1997,16:00,625.00,625.00,562.50,562.50,996,0
06/20/1997,16:00,587.50,587.50,487.50,515.63,1503,0
06/27/1997,16:00,525.00,525.00,437.50,443.75,2410,0
07/04/1997,16:00,456.25,456.25,443.75,456.25,487,0
07/11/1997,16:00,456.25,481.25,412.50,437.50,10517,0
07/18/1997,16:00,425.00,462.50,412.50,425.00,1208,0
07/25/1997,16:00,400.00,462.50,400.00,437.50,624,0
08/01/1997,16:00,443.75,443.75,412.50,425.00,761,0
08/08/1997,16:00,437.50,537.50,412.50,537.50,462,0
08/15/1997,16:00,512.50,525.00,487.50,500.00,888,0
08/22/1997,16:00,500.00,525.00,500.00,500.00,737,0
08/29/1997,16:00,500.00,506.25,475.00,475.00,225,0
09/05/1997,16:00,500.00,500.00,475.00,475.00,854,0
09/12/1997,16:00,475.00,487.50,450.00,450.00,8286,0
09/19/1997,16:00,462.50,462.50,437.50,437.50,980,0
09/26/1997,16:00,450.00,450.00,431.25,437.50,1471,0
10/03/1997,16:00,450.00,537.50,437.50,512.50,3857,0
10/10/1997,16:00,512.50,625.00,512.50,575.00,986,0
10/17/1997,16:00,575.00,612.50,568.75,581.25,862,0
10/24/1997,16:00,581.25,637.50,581.25,615.63,1865,0
10/31/1997,16:00,618.75,618.75,537.50,587.50,404,0
11/07/1997,16:00,575.00,587.50,550.00,562.50,2884,0
11/14/1997,16:00,550.00,550.00,487.50,500.00,1681,0
11/21/1997,16:00,487.50,525.00,487.50,500.00,420,0
11/28/1997,16:00,506.25,506.25,487.50,506.25,153,0
12/05/1997,16:00,487.50,487.50,412.50,443.75,430,0
12/12/1997,16:00,450.00,462.50,387.50,387.50,1128,0
12/19/1997,16:00,400.00,400.00,300.00,312.50,1407,0
12/26/1997,16:00,312.50,337.50,275.00,300.00,1928,0
01/02/1998,16:00,287.50,318.75,275.00,306.25,908,0
01/09/1998,16:00,306.25,306.25,281.25,284.38,306,0
01/16/1998,16:00,275.00,281.25,243.75,275.00,1004,0
01/23/1998,16:00,262.50,275.00,225.00,268.75,6069,0
01/30/1998,16:00,265.63,268.75,187.50,212.50,3498,0
02/06/1998,16:00,212.50,225.00,200.00,203.13,1432,0
02/13/1998,16:00,200.00,203.13,171.88,171.88,1031,0
02/20/1998,16:00,178.13,178.13,93.75,121.88,11236,0
02/27/1998,16:00,125.00,131.25,87.50,100.00,7501,0
03/06/1998,16:00,100.00,125.00,87.50,121.88,17932,0
03/13/1998,16:00,121.88,212.50,121.88,203.13,5914,0
03/20/1998,16:00,200.00,221.88,150.00,200.00,2310,0
03/27/1998,16:00,200.00,284.38,200.00,284.38,1627,0
04/03/1998,16:00,284.38,312.50,265.63,287.50,1255,0
04/10/1998,16:00,300.00,300.00,250.00,275.00,698,0
04/17/1998,16:00,268.75,268.75,206.25,206.25,3035,0
04/24/1998,16:00,206.25,206.25,131.25,200.00,1483,0
05/01/1998,16:00,175.00,200.00,156.25,187.50,2529,0
05/08/1998,16:00,187.50,200.00,181.25,200.00,181,0
05/15/1998,16:00,200.00,218.75,187.50,218.75,362,0
05/22/1998,16:00,187.50,218.75,181.25,200.00,3432,0
05/29/1998,16:00,206.25,206.25,150.00,150.00,864,0
06/05/1998,16:00,156.25,156.25,18.75,37.50,33523,0
06/12/1998,16:00,37.50,43.75,31.25,31.25,4543,0
06/19/1998,16:00,34.38,46.88,31.25,46.88,8461,0
06/26/1998,16:00,46.88,50.00,25.00,31.25,2992,0
07/03/1998,16:00,31.25,46.88,29.69,37.50,4407,0
07/10/1998,16:00,40.63,62.50,37.50,40.63,2328,0
07/17/1998,16:00,40.63,46.88,37.50,43.75,1299,0
07/24/1998,16:00,43.75,43.75,37.50,37.50,308,0
07/31/1998,16:00,37.50,43.75,37.50,40.63,479,0
08/07/1998,16:00,43.75,100.00,31.25,43.75,2579,0
08/14/1998,16:00,43.75,43.75,31.25,37.50,354,0
08/21/1998,16:00,40.63,40.63,25.00,31.25,3277,0
08/28/1998,16:00,34.38,34.38,25.00,25.00,744,0
09/04/1998,16:00,28.13,31.25,28.13,31.25,110,0
09/11/1998,16:00,25.00,28.13,18.75,21.88,1099,0
09/18/1998,16:00,18.75,21.88,15.63,15.63,1596,0
09/25/1998,16:00,18.75,28.13,15.63,21.88,1470,0
10/02/1998,16:00,21.88,25.00,9.38,18.75,27100,0
10/09/1998,16:00,18.75,21.88,9.38,15.63,3011,0
10/16/1998,16:00,15.63,18.75,12.50,15.63,6448,0
10/23/1998,16:00,15.00,15.00,10.00,10.00,17540,0
10/30/1998,16:00,11.88,13.75,11.25,13.13,23420,0
11/06/1998,16:00,13.13,14.38,12.19,13.13,9970,0
11/13/1998,16:00,13.75,16.25,11.25,15.00,15930,0
11/20/1998,16:00,15.00,15.00,10.00,15.00,11140,0
11/27/1998,16:00,15.00,17.50,13.75,17.50,5030,0
12/04/1998,16:00,16.25,119.38,16.25,57.50,54340,0
12/11/1998,16:00,59.38,59.38,27.50,31.25,15450,0
12/18/1998,16:00,32.50,59.38,30.63,40.63,19410,0
12/25/1998,16:00,36.25,60.00,34.38,49.06,8410,0
01/01/1999,16:00,52.50,52.50,35.63,35.63,3530,0
01/08/1999,16:00,36.25,58.75,36.25,58.75,7140,0
01/15/1999,16:00,58.75,63.75,52.50,63.13,10720,0
01/22/1999,16:00,63.75,77.50,59.38,67.50,5610,0
01/29/1999,16:00,70.00,76.25,62.50,65.00,11650,0
02/05/1999,16:00,60.63,65.00,50.00,55.00,2790,0
02/12/1999,16:00,55.63,72.50,45.00,67.50,13230,0
02/19/1999,16:00,68.75,75.00,67.50,69.38,5180,0
02/26/1999,16:00,67.50,75.00,65.31,68.75,12150,0
03/05/1999,16:00,67.81,72.50,66.88,69.38,5130,0
03/12/1999,16:00,67.50,77.50,60.00,72.50,7570,0
03/19/1999,16:00,72.50,106.25,71.25,100.00,17500,0
03/26/1999,16:00,102.50,117.50,80.00,100.00,16190,0
04/02/1999,16:00,107.50,110.63,95.00,95.00,4800,0
04/09/1999,16:00,105.00,105.00,82.50,87.50,1650,0
04/16/1999,16:00,77.50,105.00,77.50,100.63,7950,0
04/23/1999,16:00,105.00,105.00,90.00,90.00,3340,0
04/30/1999,16:00,90.00,92.50,87.50,91.25,820,0
05/07/1999,16:00,100.00,102.50,87.50,100.00,2030,0
05/14/1999,16:00,91.88,100.00,91.88,97.50,850,0
05/21/1999,16:00,93.75,127.50,93.75,110.00,2680,0
05/28/1999,16:00,105.00,105.00,81.25,81.25,940,0
06/04/1999,16:00,81.25,81.25,81.25,81.25,70,0
06/11/1999,16:00,88.75,93.75,88.13,91.25,340,0
06/18/1999,16:00,92.50,92.50,90.00,90.00,1950,0
06/25/1999,16:00,90.00,90.00,81.25,81.25,320,0
07/02/1999,16:00,81.25,81.25,76.25,76.25,630,0
07/09/1999,16:00,76.25,76.25,72.50,72.50,1660,0
07/16/1999,16:00,73.75,73.75,72.50,72.50,90,0
07/23/1999,16:00,72.50,72.50,61.25,66.25,900,0
07/30/1999,16:00,61.25,63.44,53.75,53.75,2120,0
08/06/1999,16:00,53.75,53.75,48.75,48.75,800,0
08/13/1999,16:00,46.88,47.50,46.88,47.50,100,0
08/20/1999,16:00,47.50,47.50,45.00,45.00,180,0
08/27/1999,16:00,45.00,52.19,45.00,51.25,140,0
09/03/1999,16:00,50.63,50.63,40.31,41.25,920,0
09/10/1999,16:00,48.75,52.50,48.75,52.50,1580,0
09/17/1999,16:00,53.75,72.50,46.25,58.75,5870,0
09/24/1999,16:00,60.00,70.00,60.00,70.00,1210,0
10/01/1999,16:00,65.00,79.38,65.00,75.63,1600,0
10/08/1999,16:00,77.50,78.75,75.31,75.31,230,0
10/15/1999,16:00,75.31,77.81,70.00,71.25,1120,0
10/22/1999,16:00,71.25,71.25,58.75,68.13,4020,0
10/29/1999,16:00,66.88,67.50,66.88,66.88,300,0
11/05/1999,16:00,69.38,69.53,59.06,60.63,1410,0
11/12/1999,16:00,60.63,61.25,60.00,60.63,280,0
11/19/1999,16:00,61.56,63.75,60.63,61.25,680,0
11/26/1999,16:00,62.19,62.19,60.63,61.25,130,0
12/03/1999,16:00,62.81,62.81,53.75,53.75,850,0
12/10/1999,16:00,53.75,56.88,48.75,51.25,410,0
12/17/1999,16:00,55.00,55.00,47.50,52.50,1600,0
12/24/1999,16:00,52.50,52.50,48.75,48.75,670,0
12/31/1999,16:00,48.75,48.75,46.88,47.50,460,0
01/07/2000,16:00,47.19,47.19,43.75,43.75,1310,0
01/14/2000,16:00,43.75,50.00,43.75,50.00,150,0
01/21/2000,16:00,53.75,56.25,51.88,55.00,420,0
01/28/2000,16:00,55.00,85.00,55.00,73.13,4630,0
02/04/2000,16:00,73.13,80.00,61.88,70.00,950,0
02/11/2000,16:00,68.75,68.75,60.63,60.63,970,0
02/18/2000,16:00,58.75,70.00,57.50,69.69,1230,0
02/25/2000,16:00,69.69,70.00,61.25,67.81,2130,0
03/03/2000,16:00,69.69,73.13,61.88,72.50,2610,0
03/10/2000,16:00,70.31,70.31,52.50,70.00,6120,0
03/17/2000,16:00,63.75,65.00,51.25,60.00,6630,0
03/24/2000,16:00,61.09,73.75,57.50,73.13,1160,0
03/31/2000,16:00,72.50,78.44,65.00,67.50,4910,0
04/07/2000,16:00,68.75,75.00,68.75,72.50,710,0
04/14/2000,16:00,70.00,75.63,55.00,57.50,4180,0
04/21/2000,16:00,58.75,75.00,58.75,69.38,2560,0
04/28/2000,16:00,69.38,72.50,65.00,72.50,170,0
05/05/2000,16:00,71.25,71.25,65.31,70.00,480,0
05/12/2000,16:00,65.31,80.00,60.00,75.31,1860,0
05/19/2000,16:00,76.25,82.50,66.25,71.88,4280,0
05/26/2000,16:00,70.00,70.00,65.00,67.50,2410,0
06/02/2000,16:00,70.00,80.00,70.00,73.13,980,0
06/09/2000,16:00,73.13,73.13,68.13,68.13,930,0
06/16/2000,16:00,68.13,69.38,68.13,68.75,910,0
06/23/2000,16:00,69.69,69.69,68.13,68.13,80,0
06/30/2000,16:00,68.13,76.25,65.00,65.00,6620,0
07/07/2000,16:00,65.00,66.25,60.00,62.50,8380,0
07/14/2000,16:00,62.50,62.50,62.50,62.50,70,0
07/21/2000,16:00,62.50,62.50,60.63,61.25,100,0
07/28/2000,16:00,59.38,60.00,52.50,55.00,2590,0
08/04/2000,16:00,55.00,58.75,46.25,58.75,1320,0
08/11/2000,16:00,54.38,56.25,52.50,56.25,1270,0
08/18/2000,16:00,56.56,63.75,54.38,63.75,3850,0
08/25/2000,16:00,60.00,67.50,56.25,67.50,3130,0
09/01/2000,16:00,67.50,68.75,56.25,68.75,400,0
09/08/2000,16:00,63.13,63.13,56.25,56.25,150,0
09/15/2000,16:00,56.25,56.25,40.31,50.63,2270,0
09/22/2000,16:00,49.06,53.59,44.38,50.00,720,0
09/29/2000,16:00,50.63,55.00,50.63,55.00,810,0
10/06/2000,16:00,54.69,54.69,42.81,50.31,870,0
10/13/2000,16:00,50.31,50.94,43.13,50.94,210,0
10/20/2000,16:00,49.69,49.69,40.31,41.56,470,0
10/27/2000,16:00,40.63,42.50,37.50,39.69,2900,0
11/03/2000,16:00,39.69,39.69,37.50,38.75,510,0
11/10/2000,16:00,39.69,77.81,39.69,65.00,8500,0
11/17/2000,16:00,64.38,64.38,57.50,63.75,1320,0
11/24/2000,16:00,70.00,84.38,61.25,61.25,11000,0
12/01/2000,16:00,70.00,70.00,47.50,51.25,2620,0
12/08/2000,16:00,52.50,58.75,52.50,58.75,340,0
12/15/2000,16:00,53.75,60.00,50.00,50.00,700,0
12/22/2000,16:00,57.50,57.50,25.00,38.13,2720,0
12/29/2000,16:00,35.00,58.75,35.00,55.00,4600,0
01/05/2001,16:00,55.00,60.00,51.25,51.25,1690,0
01/12/2001,16:00,50.94,51.25,50.00,51.25,220,0
01/19/2001,16:00,52.19,52.19,50.00,50.00,710,0
01/26/2001,16:00,52.50,65.00,52.50,55.31,6060,0
02/02/2001,16:00,58.44,65.00,55.31,64.69,8700,0
02/09/2001,16:00,63.75,64.69,60.00,61.25,2050,0
02/16/2001,16:00,62.50,62.50,60.00,60.00,150,0
02/23/2001,16:00,61.25,62.50,60.63,61.88,2130,0
03/02/2001,16:00,62.50,66.88,60.00,60.00,2970,0
03/09/2001,16:00,60.31,62.50,52.50,58.75,3400,0
03/16/2001,16:00,60.00,62.50,56.88,61.88,17260,0
03/23/2001,16:00,62.19,78.75,61.25,76.25,27220,0
03/30/2001,16:00,76.25,81.25,75.00,77.19,26460,0
04/06/2001,16:00,76.88,76.88,63.75,70.60,5150,0
04/13/2001,16:00,70.70,75.00,66.00,71.00,5070,0
04/20/2001,16:00,71.00,92.50,70.00,92.30,22040,0
04/27/2001,16:00,92.00,93.80,84.10,88.00,8660,0
05/04/2001,16:00,87.00,92.90,85.00,87.50,17150,0
05/11/2001,16:00,88.50,89.00,75.60,75.60,7030,0
05/18/2001,16:00,77.00,82.50,73.50,82.50,5240,0
05/25/2001,16:00,83.50,91.50,82.50,87.50,18070,0
06/01/2001,16:00,87.50,87.50,83.00,86.50,4860,0
06/08/2001,16:00,87.50,103.10,86.50,100.00,42020,0
06/15/2001,16:00,100.40,104.80,95.50,104.60,14050,0
06/22/2001,16:00,104.60,104.70,98.10,99.50,16820,0
06/29/2001,16:00,99.50,102.50,95.60,100.20,8630,0
07/06/2001,16:00,102.50,105.00,99.20,102.10,22050,0
07/13/2001,16:00,103.00,119.90,102.50,115.00,24580,0
07/20/2001,16:00,114.50,131.00,112.20,120.00,10180,0
07/27/2001,16:00,127.40,132.10,122.00,128.80,35430,0
08/03/2001,16:00,132.00,197.00,131.70,178.00,129860,0
08/10/2001,16:00,179.50,238.00,179.50,223.10,158350,0
08/17/2001,16:00,220.90,222.10,180.30,189.50,108220,0
08/24/2001,16:00,186.00,205.10,160.30,193.50,63820,0
08/31/2001,16:00,196.00,196.00,167.80,170.30,14830,0
09/07/2001,16:00,171.90,190.00,170.00,177.00,29290,0
09/14/2001,16:00,175.10,184.00,172.00,182.46,15360,0
09/21/2001,16:00,177.50,182.50,131.00,145.60,54590,0
09/28/2001,16:00,151.10,210.00,148.00,205.10,79770,0
10/05/2001,16:00,211.10,255.40,197.50,212.53,195530,0
10/12/2001,16:00,213.00,250.00,183.60,191.70,113340,0
10/19/2001,16:00,200.10,224.20,187.00,204.50,29240,0
10/26/2001,16:00,212.60,212.70,185.00,205.00,60820,0
11/02/2001,16:00,210.00,274.80,208.40,245.99,248820,0
11/09/2001,16:00,262.50,288.40,230.00,241.70,167750,0
11/16/2001,16:00,246.50,267.20,230.10,266.51,70990,0
11/23/2001,16:00,268.50,281.00,260.50,277.50,63750,0
11/30/2001,16:00,279.00,285.20,244.60,260.88,116750,0
12/07/2001,16:00,264.00,264.00,196.90,212.50,179290,0
12/14/2001,16:00,212.00,213.50,148.10,172.00,198860,0
12/21/2001,16:00,171.60,181.00,149.20,172.50,94020,0
12/28/2001,16:00,177.40,189.00,172.50,182.00,35670,0
01/04/2002,16:00,179.90,184.50,166.00,183.90,30510,0
01/11/2002,16:00,183.50,207.80,182.60,190.00,66170,0
01/18/2002,16:00,193.00,197.80,180.50,181.32,25450,0
01/25/2002,16:00,181.50,211.50,176.50,201.00,52280,0
02/01/2002,16:00,197.40,205.90,186.00,205.90,52670,0
02/08/2002,16:00,205.70,207.70,148.20,157.50,70330,0
02/15/2002,16:00,154.90,159.40,116.50,132.60,130950,0
02/22/2002,16:00,130.50,140.00,122.50,136.00,22890,0
03/01/2002,16:00,134.90,141.00,130.50,141.00,13310,0
03/08/2002,16:00,140.10,162.80,128.50,160.50,30740,0
03/15/2002,16:00,158.80,171.60,154.70,163.50,20980,0
03/22/2002,16:00,166.00,172.00,164.02,170.00,18320,0
03/29/2002,16:00,169.51,172.00,137.50,141.80,32560,0
04/05/2002,16:00,143.00,143.60,107.50,129.00,44180,0
04/12/2002,16:00,128.20,135.00,119.00,130.00,26190,0
04/19/2002,16:00,130.00,135.50,125.70,130.50,12770,0
04/26/2002,16:00,128.50,132.40,124.50,126.10,7810,0
05/03/2002,16:00,125.30,126.79,85.81,90.00,32030,0
05/10/2002,16:00,87.80,100.90,86.80,94.60,16690,0
05/17/2002,16:00,94.10,99.80,87.20,89.01,13050,0
05/24/2002,16:00,90.00,91.50,77.50,81.40,28790,0
05/31/2002,16:00,81.70,82.50,76.00,79.30,13160,0
06/07/2002,16:00,78.25,85.70,74.00,84.90,7290,0
06/14/2002,16:00,84.60,88.40,77.00,77.13,7340,0
06/21/2002,16:00,77.20,82.20,77.00,77.00,4070,0
06/28/2002,16:00,77.10,82.50,72.50,82.00,5980,0
07/05/2002,16:00,82.00,85.50,57.50,58.89,19800,0
07/12/2002,16:00,60.30,61.25,43.60,43.60,21690,0
07/19/2002,16:00,45.00,46.00,32.60,33.99,39350,0
07/26/2002,16:00,34.00,34.00,28.70,28.70,24070,0
08/02/2002,16:00,30.00,32.50,27.10,31.99,51979,0
08/09/2002,16:00,32.00,32.50,27.80,28.00,4455,0
08/16/2002,16:00,27.80,37.70,27.50,37.70,14885,0
08/23/2002,16:00,39.50,62.50,39.00,58.60,20630,0
08/30/2002,16:00,62.00,65.20,49.00,55.50,12170,0
09/06/2002,16:00,54.51,54.51,44.50,46.00,7390,0
09/13/2002,16:00,45.70,46.50,41.00,41.70,3192,0
09/20/2002,16:00,44.00,44.00,37.70,37.70,4800,0
09/27/2002,16:00,38.10,42.00,30.80,39.61,7395,0
10/04/2002,16:00,39.50,39.90,27.50,33.49,13499,0
10/11/2002,16:00,33.40,34.30,30.50,33.60,2920,0
10/18/2002,16:00,33.50,34.50,29.00,33.80,2695,0
10/25/2002,16:00,33.60,38.40,33.50,35.50,4290,0
11/01/2002,16:00,37.20,38.50,28.60,31.50,7690,0
11/08/2002,16:00,30.50,33.00,28.21,29.90,8750,0
11/15/2002,16:00,28.70,30.50,28.60,30.39,3680,0
11/22/2002,16:00,30.10,31.40,21.50,29.28,9610,0
11/29/2002,16:00,28.60,36.00,25.00,34.89,6885,0
12/06/2002,16:00,33.10,65.00,30.00,50.50,266240,0
12/13/2002,16:00,51.20,57.50,41.50,42.70,129913,0
12/20/2002,16:00,46.00,46.50,39.00,40.00,44518,0
12/27/2002,16:00,40.20,41.50,40.00,41.00,15197,0
01/03/2003,16:00,40.50,40.51,38.80,39.99,19143,0
01/10/2003,16:00,40.10,41.50,35.21,39.40,30630,0
01/17/2003,16:00,39.60,41.00,36.60,40.30,18640,0
01/24/2003,16:00,40.20,40.20,32.50,37.30,18776,0
01/31/2003,16:00,37.90,40.50,34.60,37.00,21985,0
02/07/2003,16:00,35.80,36.30,30.60,33.50,46551,0
02/14/2003,16:00,35.50,35.50,30.89,31.00,10710,0
02/21/2003,16:00,33.80,36.00,30.50,31.70,13880,0
02/28/2003,16:00,31.70,32.00,27.50,28.40,16847,0
03/07/2003,16:00,28.50,29.00,24.50,27.00,12485,0
03/14/2003,16:00,26.60,27.10,24.00,26.20,7250,0
03/21/2003,16:00,24.30,26.50,24.30,25.40,9670,0
03/28/2003,16:00,25.40,26.00,24.10,25.50,5440,0
04/04/2003,16:00,24.50,32.50,24.50,32.00,13553,0
04/11/2003,16:00,33.60,34.50,27.90,30.60,8810,0
04/18/2003,16:00,31.00,31.30,28.30,30.20,4795,0
04/25/2003,16:00,30.00,31.00,27.70,27.80,6510,0
05/02/2003,16:00,27.80,29.50,26.70,27.51,5862,0
05/09/2003,16:00,27.40,36.20,27.40,33.90,21746,0
05/16/2003,16:00,33.30,39.00,32.60,33.30,18481,0
05/23/2003,16:00,33.30,51.50,32.50,45.70,120265,0
05/30/2003,16:00,46.40,47.70,41.00,41.20,35989,0
06/06/2003,16:00,42.50,43.70,28.00,31.40,152645,0
06/13/2003,16:00,31.90,32.00,28.50,30.20,42560,0
06/20/2003,16:00,30.40,36.50,29.10,34.60,69289,0
06/27/2003,16:00,34.70,37.70,31.00,31.69,33012,0
07/04/2003,16:00,31.50,33.40,31.21,31.80,15034,0
07/11/2003,16:00,32.50,32.50,31.00,32.00,15660,0
07/18/2003,16:00,32.50,34.00,31.50,33.50,14547,0
07/25/2003,16:00,33.70,34.79,31.80,32.50,11569,0
08/01/2003,16:00,33.00,33.00,31.00,32.50,10239,0
08/08/2003,16:00,32.79,32.79,29.00,31.00,19139,0
08/15/2003,16:00,27.50,28.40,24.70,25.80,29192,0
08/22/2003,16:00,25.70,28.00,21.00,23.60,117426,0
08/29/2003,16:00,23.60,24.40,22.00,23.90,19821,0
09/05/2003,16:00,21.90,26.20,21.90,25.80,56486,0
09/12/2003,16:00,26.00,28.60,25.50,26.80,32916,0
09/19/2003,16:00,28.00,30.50,26.00,27.50,16228,0
09/26/2003,16:00,27.00,33.00,27.00,28.70,25028,0
10/03/2003,16:00,28.00,30.00,26.00,28.30,12655,0
10/10/2003,16:00,28.00,30.00,26.10,26.30,6603,0
10/17/2003,16:00,26.40,28.70,26.20,28.20,6565,0
10/24/2003,16:00,26.20,28.00,26.20,27.90,5525,0
10/31/2003,16:00,30.00,30.00,26.40,27.10,9203,0
11/07/2003,16:00,26.50,29.60,23.50,25.30,16562,0
11/14/2003,16:00,24.60,26.00,21.30,24.51,24917,0
11/21/2003,16:00,25.30,26.00,22.41,23.40,17493,0
11/28/2003,16:00,22.60,25.50,22.10,24.00,5804,0
12/05/2003,16:00,24.10,25.50,17.50,18.50,41258,0
12/12/2003,16:00,18.20,19.00,13.20,14.50,36039,0
12/19/2003,16:00,14.00,15.80,14.00,14.50,17786,0
12/26/2003,16:00,13.90,15.00,13.40,14.30,12824,0
01/02/2004,16:00,14.60,17.00,14.20,15.40,58615,0
01/09/2004,16:00,16.80,17.20,14.20,16.20,42713,0
01/16/2004,16:00,17.90,17.90,15.50,16.10,22468,0
01/23/2004,16:00,17.10,17.10,15.50,16.97,17918,0
01/30/2004,16:00,16.20,35.00,16.20,35.00,287490,0
02/06/2004,16:00,33.80,33.80,17.10,18.00,267825,0
02/13/2004,16:00,18.60,21.50,16.30,18.40,179101,0
02/20/2004,16:00,18.50,19.40,16.90,17.40,31553,0
02/27/2004,16:00,18.79,18.79,15.70,17.60,27794,0
03/05/2004,16:00,17.15,17.70,14.30,16.18,43534,0
03/12/2004,16:00,15.85,17.00,13.30,13.90,33576,0
03/19/2004,16:00,14.80,15.90,13.70,13.80,18426,0
03/26/2004,16:00,14.50,15.50,13.20,14.90,28151,0
04/02/2004,16:00,14.20,14.90,13.60,14.00,17915,0
04/09/2004,16:00,14.15,14.90,13.50,13.50,15437,0
04/16/2004,16:00,13.95,14.30,12.80,13.30,27041,0
04/23/2004,16:00,13.00,14.80,11.00,11.50,34515,0
04/30/2004,16:00,12.10,12.90,11.30,11.60,13249,0
05/07/2004,16:00,11.40,12.10,10.00,10.50,21205,0
05/14/2004,16:00,9.50,11.20,8.26,10.10,28606,0
05/21/2004,16:00,10.30,11.20,8.40,9.00,12014,0
05/28/2004,16:00,10.00,10.20,8.70,10.10,8759,0
06/04/2004,16:00,10.60,10.80,9.50,10.10,3804,0
06/11/2004,16:00,9.50,10.40,9.20,9.90,4772,0
06/18/2004,16:00,9.70,10.10,9.40,9.40,2198,0
06/25/2004,16:00,9.40,10.00,8.20,8.90,13263,0
07/02/2004,16:00,8.51,9.02,7.70,8.50,8264,0
07/09/2004,16:00,8.10,8.70,7.70,7.80,3153,0
07/16/2004,16:00,7.70,10.00,7.70,8.91,7238,0
07/23/2004,16:00,9.00,9.30,7.80,8.70,14023,0
07/30/2004,16:00,7.70,9.20,7.70,8.60,4816,0
08/06/2004,16:00,8.20,8.32,7.30,7.50,7828,0
08/13/2004,16:00,7.52,8.00,6.50,7.20,6117,0
08/20/2004,16:00,7.20,8.50,6.80,8.00,5684,0
08/27/2004,16:00,8.40,8.50,5.70,6.00,73616,0
09/03/2004,16:00,6.00,6.30,5.60,6.00,92885,0
09/10/2004,16:00,5.99,6.30,5.80,5.80,19229,0
09/17/2004,16:00,5.80,7.20,5.00,7.00,56134,0
09/24/2004,16:00,6.51,7.40,6.20,7.40,11262,0
10/01/2004,16:00,7.30,11.50,6.70,11.50,89744,0
10/08/2004,16:00,13.10,13.10,9.59,10.80,69582,0
10/15/2004,16:00,12.00,12.80,8.80,10.00,25850,0
10/22/2004,16:00,11.00,12.40,10.00,11.50,25538,0
10/29/2004,16:00,12.30,15.00,11.00,14.60,35559,0
11/05/2004,16:00,11.60,22.80,11.60,22.50,96261,0
11/12/2004,16:00,22.90,43.50,22.50,27.80,416095,0
11/19/2004,16:00,29.01,29.50,22.60,25.90,115275,0
11/26/2004,16:00,25.00,25.30,23.00,24.00,22153,0
12/03/2004,16:00,23.50,26.50,22.10,25.10,25932,0
12/10/2004,16:00,24.60,26.30,23.50,24.20,15498,0
12/17/2004,16:00,23.61,24.80,23.00,23.70,14791,0
12/24/2004,16:00,24.80,24.90,20.60,23.20,21845,0
12/31/2004,16:00,23.10,28.00,22.00,27.10,30970,0
01/07/2005,16:00,27.90,35.00,26.00,30.80,62876,0
01/14/2005,16:00,32.90,33.60,30.00,32.90,38853,0
01/21/2005,16:00,33.60,34.20,29.90,30.20,23929,0
01/28/2005,16:00,31.40,34.50,30.20,32.70,46751,0
02/04/2005,16:00,32.00,34.10,31.00,33.10,41152,0
02/11/2005,16:00,32.00,33.50,31.00,32.00,26605,0
02/18/2005,16:00,31.20,33.00,22.20,29.20,41098,0
02/25/2005,16:00,28.70,31.60,28.70,30.40,18548,0
03/04/2005,16:00,30.10,30.40,21.00,25.50,87129,0
03/11/2005,16:00,25.60,25.80,21.00,23.20,28379,0
03/18/2005,16:00,23.20,29.20,22.00,25.00,28809,0
03/25/2005,16:00,25.90,29.90,23.00,24.30,17522,0
04/01/2005,16:00,25.50,25.50,20.50,21.00,16906,0
04/08/2005,16:00,20.50,23.90,20.21,23.60,10222,0
04/15/2005,16:00,23.10,25.20,21.00,21.50,13216,0
04/22/2005,16:00,21.00,23.00,14.80,16.90,37541,0
04/29/2005,16:00,16.70,20.20,15.50,19.30,28565,0
05/06/2005,16:00,17.50,19.90,16.20,17.00,18985,0
05/13/2005,16:00,20.00,20.00,15.00,16.10,35085,0
05/20/2005,16:00,16.10,17.30,13.50,14.10,79624,0
05/27/2005,16:00,16.00,16.00,13.20,13.20,94934,0
06/03/2005,16:00,13.90,14.90,13.20,13.80,158932,0
06/10/2005,16:00,13.50,14.20,12.80,13.00,36747,0
06/17/2005,16:00,12.80,15.00,11.92,13.70,21459,0
06/24/2005,16:00,13.20,14.50,10.30,10.60,55175,0
07/01/2005,16:00,11.80,13.20,10.80,13.20,37118,0
07/08/2005,16:00,13.20,14.00,12.50,13.30,19835,0
07/15/2005,16:00,13.80,14.20,12.80,14.00,29500,0
07/22/2005,16:00,12.50,18.00,12.50,15.40,71924,0
07/29/2005,16:00,15.40,15.90,14.20,15.01,27762,0
08/05/2005,16:00,15.60,15.60,14.00,15.40,24130,0
08/12/2005,16:00,14.40,15.90,14.30,14.70,12188,0
08/19/2005,16:00,15.50,15.50,12.80,14.10,5492,0
08/26/2005,16:00,13.60,15.00,12.80,13.80,11618,0
09/02/2005,16:00,15.00,15.00,13.78,14.50,12331,0
09/09/2005,16:00,15.70,15.70,13.00,14.20,8019,0
09/16/2005,16:00,15.00,16.00,13.70,14.30,24573,0
09/23/2005,16:00,15.00,15.20,14.20,14.40,11225,0
09/30/2005,16:00,15.00,15.50,13.50,14.80,23475,0
10/07/2005,16:00,15.10,15.20,13.80,13.80,12534,0
10/14/2005,16:00,13.70,15.00,12.90,14.40,11305,0
10/21/2005,16:00,14.20,14.40,13.00,13.50,9083,0
10/28/2005,16:00,12.80,14.00,12.34,12.80,11345,0
11/04/2005,16:00,13.20,13.90,11.10,11.70,19243,0
11/11/2005,16:00,11.70,14.00,11.00,12.00,24992,0
11/18/2005,16:00,11.20,12.50,10.70,11.80,29640,0
11/25/2005,16:00,11.90,13.00,11.40,12.50,18203,0
12/02/2005,16:00,12.10,12.90,11.40,11.90,21924,0
12/09/2005,16:00,12.30,12.40,11.50,11.80,12630,0
12/16/2005,16:00,12.00,12.40,11.50,11.70,16674,0
12/23/2005,16:00,11.90,12.20,10.30,11.50,96875,0
12/30/2005,16:00,12.00,12.30,11.00,12.00,24576,0
01/06/2006,16:00,12.40,14.90,12.10,13.00,74173,0
01/13/2006,16:00,13.00,20.80,12.60,19.50,389388,0
01/20/2006,16:00,20.50,30.10,19.90,25.50,565191,0
01/27/2006,16:00,25.20,30.00,24.94,27.60,189015,0
02/03/2006,16:00,28.10,36.40,27.70,33.20,345083,0
02/10/2006,16:00,34.00,39.20,34.00,36.50,224951,0
02/17/2006,16:00,36.70,36.70,28.50,31.00,161234,0
02/24/2006,16:00,32.00,36.00,31.50,34.60,110075,0
03/03/2006,16:00,34.20,35.70,30.30,35.50,67169,0
03/10/2006,16:00,36.00,36.60,31.50,32.50,92712,0
03/17/2006,16:00,34.50,34.50,31.10,32.60,33642,0
03/24/2006,16:00,32.40,36.20,32.00,36.00,121858,0
03/31/2006,16:00,36.00,36.00,30.60,31.70,125266,0
04/07/2006,16:00,31.30,31.50,27.20,30.80,311942,0
04/14/2006,16:00,32.40,32.40,28.10,30.00,197383,0
04/21/2006,16:00,30.00,30.30,28.50,29.10,90105,0
04/28/2006,16:00,29.10,29.50,27.40,28.90,41290,0
05/05/2006,16:00,28.60,30.90,28.20,28.50,55020,0
05/12/2006,16:00,28.50,30.00,26.80,26.80,116775,0
05/19/2006,16:00,26.80,26.90,21.40,21.90,129996,0
05/26/2006,16:00,21.50,22.20,18.00,21.50,269395,0
06/02/2006,16:00,21.50,25.40,20.50,24.60,82636,0
06/09/2006,16:00,25.50,26.00,22.10,23.40,53215,0
06/16/2006,16:00,23.10,25.90,21.20,24.50,50986,0
06/23/2006,16:00,24.20,24.70,22.50,23.90,66565,0
06/30/2006,16:00,24.30,24.50,23.33,23.90,19244,0
07/07/2006,16:00,24.50,25.00,23.20,24.00,21904,0
07/14/2006,16:00,24.20,24.50,22.50,23.10,34849,0
07/21/2006,16:00,23.00,23.70,21.80,22.50,63987,0
07/28/2006,16:00,24.10,25.50,22.20,24.50,77627,0
08/04/2006,16:00,25.50,28.00,24.60,26.40,73271,0
08/11/2006,16:00,26.10,30.50,25.50,29.60,199501,0
08/18/2006,16:00,29.60,29.90,27.70,28.70,102944,0
08/25/2006,16:00,28.60,29.20,26.20,28.50,109205,0
09/01/2006,16:00,28.60,28.60,26.00,26.80,28931,0
09/08/2006,16:00,26.60,28.00,26.00,26.85,23976,0
09/15/2006,16:00,27.10,27.48,24.80,26.40,53640,0
09/22/2006,16:00,26.70,28.50,25.60,25.90,33388,0
09/29/2006,16:00,25.40,27.00,25.00,26.60,37597,0
10/06/2006,16:00,26.60,27.00,24.00,26.00,37523,0
10/13/2006,16:00,25.70,26.90,24.50,24.50,48125,0
10/20/2006,16:00,24.90,25.50,21.20,22.50,294560,0
10/27/2006,16:00,22.40,23.40,22.00,22.30,129316,0
11/03/2006,16:00,22.60,23.50,20.10,20.80,76076,0
11/10/2006,16:00,20.60,24.00,19.60,22.10,142054,0
11/17/2006,16:00,22.00,24.20,20.90,23.60,157443,0
11/24/2006,16:00,23.80,25.10,22.00,24.90,102764,0
12/01/2006,16:00,25.60,25.60,22.80,23.20,51274,0
12/08/2006,16:00,23.20,23.90,22.40,22.40,82514,0
12/15/2006,16:00,22.40,22.50,20.40,20.80,62262,0
12/22/2006,16:00,21.20,21.20,20.00,20.00,35187,0
12/29/2006,16:00,20.20,23.30,19.40,22.80,79997,0
01/05/2007,16:00,22.60,22.80,21.20,22.70,51926,0
01/12/2007,16:00,22.50,23.00,20.30,21.00,90353,0
01/19/2007,16:00,21.20,21.20,19.70,19.90,40763,0
01/26/2007,16:00,20.10,21.00,18.90,19.50,63346,0
02/02/2007,16:00,19.70,20.00,17.70,18.30,139485,0
02/09/2007,16:00,18.30,19.80,17.40,18.70,114232,0
02/16/2007,16:00,20.00,20.00,17.80,18.30,178511,0
02/23/2007,16:00,18.60,19.00,17.80,18.00,105657,0
03/02/2007,16:00,18.10,18.50,17.20,17.70,156731,0
03/09/2007,16:00,17.90,22.30,17.50,21.70,271970,0
03/16/2007,16:00,22.40,28.70,22.20,25.70,599121,0
03/23/2007,16:00,26.00,26.00,22.00,22.40,213703,0
03/30/2007,16:00,22.50,23.00,20.90,23.00,138135,0
04/06/2007,16:00,23.00,25.50,22.30,24.90,169081,0
04/13/2007,16:00,25.10,33.90,24.90,30.70,735758,0
04/20/2007,16:00,30.50,43.20,29.90,37.20,821621,0
04/27/2007,16:00,39.60,40.00,6.80,7.40,10986071,0
05/04/2007,16:00,7.40,7.70,6.30,6.50,2188497,0
05/11/2007,16:00,6.50,6.60,5.80,6.18,1331487,0
05/18/2007,16:00,6.10,6.20,5.50,5.54,1096525,0
05/25/2007,16:00,5.50,7.00,5.40,6.00,1132920,0
06/01/2007,16:00,6.00,6.40,6.00,6.00,303712,0
06/08/2007,16:00,6.10,6.40,5.70,5.90,729706,0
06/15/2007,16:00,5.90,6.16,5.70,5.77,241064,0
06/22/2007,16:00,5.86,5.90,5.20,5.49,405786,0
06/29/2007,16:00,5.50,6.19,5.10,5.90,251349,0
07/06/2007,16:00,5.61,6.00,5.51,5.79,134835,0
07/13/2007,16:00,5.70,6.00,5.10,5.35,275411,0
07/20/2007,16:00,5.40,5.40,5.20,5.30,184803,0
07/27/2007,16:00,5.30,5.40,4.20,4.69,281087,0
08/03/2007,16:00,4.60,4.91,3.90,3.90,282149,0
08/10/2007,16:00,3.90,4.30,3.60,3.99,241685,0
08/17/2007,16:00,4.00,4.10,3.50,3.80,108013,0
08/24/2007,16:00,3.60,4.80,3.60,4.50,182922,0
08/31/2007,16:00,4.50,5.20,4.21,5.10,216713,0
09/07/2007,16:00,5.50,6.50,5.10,5.30,389305,0
09/14/2007,16:00,5.40,5.50,5.00,5.20,165341,0
09/21/2007,16:00,5.10,5.30,4.70,4.70,221035,0
09/28/2007,16:00,4.70,5.00,4.00,4.00,293147,0
10/05/2007,16:00,4.40,4.64,4.10,4.40,126247,0
10/12/2007,16:00,4.40,4.80,4.20,4.29,219767,0
10/19/2007,16:00,4.30,4.40,3.50,3.70,322381,0
10/26/2007,16:00,4.10,4.10,3.52,3.71,208190,0
11/02/2007,16:00,3.70,4.50,3.70,3.90,157736,0
11/09/2007,16:00,3.70,4.00,3.20,3.50,125537,0
11/16/2007,16:00,3.80,3.80,2.80,2.96,215842,0
11/23/2007,16:00,3.10,4.80,2.60,3.70,876033,0
11/30/2007,16:00,3.70,3.80,3.30,3.55,171512,0
12/07/2007,16:00,3.60,4.10,3.00,3.30,297542,0
12/14/2007,16:00,3.20,3.30,2.50,2.70,280794,0
12/21/2007,16:00,2.70,3.10,2.30,2.30,305040,0
12/28/2007,16:00,2.30,2.70,2.20,2.25,207674,0
01/04/2008,16:00,2.50,2.65,2.21,2.40,194846,0
01/11/2008,16:00,2.41,2.70,2.10,2.40,259761,0
01/18/2008,16:00,2.31,2.60,2.10,2.29,120230,0
01/25/2008,16:00,2.11,2.48,1.57,2.26,277291,0
02/01/2008,16:00,2.28,3.29,2.20,3.27,255845,0
02/08/2008,16:00,3.35,3.65,3.28,3.35,223901,0
02/15/2008,16:00,3.25,3.35,3.11,3.21,58921,0
02/22/2008,16:00,3.15,3.20,3.00,3.16,39042,0
02/29/2008,16:00,3.12,3.49,2.82,2.86,190843,0
03/07/2008,16:00,2.97,3.26,2.48,2.95,95721,0
03/14/2008,16:00,2.95,2.95,2.55,2.60,76869,0
03/21/2008,16:00,2.64,2.74,2.40,2.60,69446,0
03/28/2008,16:00,2.55,2.67,2.51,2.65,42560,0
04/04/2008,16:00,2.65,2.77,2.57,2.73,61694,0
04/11/2008,16:00,2.69,3.08,2.57,2.87,81183,0
04/18/2008,16:00,2.83,3.09,2.71,2.90,75522,0
04/25/2008,16:00,2.93,3.05,2.80,3.03,55507,0
05/02/2008,16:00,2.98,2.98,2.60,2.60,74461,0
05/09/2008,16:00,2.60,2.84,2.52,2.61,152875,0
05/16/2008,16:00,2.81,2.82,2.54,2.64,193542,0
05/23/2008,16:00,2.61,2.65,2.40,2.46,51110,0
05/30/2008,16:00,2.46,2.70,2.30,2.62,56100,0
06/06/2008,16:00,2.64,2.65,2.30,2.31,38740,0
06/13/2008,16:00,2.35,2.44,2.18,2.26,58571,0
06/20/2008,16:00,2.26,2.50,2.25,2.26,29509,0
06/27/2008,16:00,2.26,2.26,1.85,1.89,73145,0
07/04/2008,16:00,1.96,2.09,1.80,2.05,58121,0
07/11/2008,16:00,2.05,2.10,1.75,1.78,76774,0
07/18/2008,16:00,1.79,1.91,1.60,1.60,46847,0
07/25/2008,16:00,1.60,1.95,1.48,1.85,77049,0
08/01/2008,16:00,1.75,1.85,1.61,1.67,97260,0
08/08/2008,16:00,1.66,1.73,1.26,1.37,139997,0
08/15/2008,16:00,1.55,1.70,1.35,1.55,40401,0
08/22/2008,16:00,1.54,1.72,1.38,1.46,39601,0
08/29/2008,16:00,1.40,1.60,1.35,1.43,36080,0
09/05/2008,16:00,1.41,1.50,1.35,1.50,6256,0
09/12/2008,16:00,1.45,1.51,0.87,1.13,89060,0
09/19/2008,16:00,1.02,1.25,0.78,0.90,155542,0
09/26/2008,16:00,0.88,1.31,0.85,1.10,86889,0
10/03/2008,16:00,1.15,1.18,0.81,1.00,79626,0
10/10/2008,16:00,1.09,1.09,0.72,0.90,55459,0
10/17/2008,16:00,0.76,1.05,0.72,0.93,29367,0
10/24/2008,16:00,0.80,0.99,0.68,0.80,53381,0
10/31/2008,16:00,0.80,0.95,0.78,0.94,39499,0
11/07/2008,16:00,0.91,1.00,0.91,0.96,39346,0
11/14/2008,16:00,0.95,1.00,0.75,0.91,16357,0
11/21/2008,16:00,0.75,0.94,0.70,0.72,51322,0
11/28/2008,16:00,0.83,0.89,0.67,0.80,26159,0
12/05/2008,16:00,0.73,0.84,0.65,0.71,30910,0
12/12/2008,16:00,0.70,0.80,0.65,0.76,40902,0
12/19/2008,16:00,0.65,0.76,0.50,0.60,122149,0
12/26/2008,16:00,0.60,0.75,0.50,0.75,73495,0
01/02/2009,16:00,0.79,0.79,0.56,0.68,88354,0
01/09/2009,16:00,0.75,0.80,0.71,0.80,53254,0
01/16/2009,16:00,0.76,0.79,0.67,0.77,31318,0
01/23/2009,16:00,0.60,0.75,0.60,0.67,42586,0
01/30/2009,16:00,0.62,0.75,0.62,0.70,44788,0
02/06/2009,16:00,0.72,0.77,0.60,0.73,14917,0
02/13/2009,16:00,0.70,0.77,0.56,0.76,24517,0
02/20/2009,16:00,0.70,0.77,0.63,0.70,18087,0
02/27/2009,16:00,0.65,0.70,0.59,0.70,24339,0
03/06/2009,16:00,0.61,0.74,0.55,0.67,31054,0
03/13/2009,16:00,0.67,0.67,0.46,0.60,50958,0
03/20/2009,16:00,0.59,0.70,0.50,0.65,37338,0
03/27/2009,16:00,0.65,0.77,0.65,0.75,42576,0
04/03/2009,16:00,0.67,0.75,0.47,0.63,24064,0
04/10/2009,16:00,0.65,1.85,0.62,1.44,201913,0
04/17/2009,16:00,1.58,2.25,1.45,1.60,409998,0
04/24/2009,16:00,1.60,1.60,1.15,1.18,112263,0
05/01/2009,16:00,1.20,1.35,1.18,1.33,69784,0
05/08/2009,16:00,1.33,1.56,1.15,1.35,112690,0
05/15/2009,16:00,1.18,1.44,1.18,1.39,65077,0
05/22/2009,16:00,1.27,1.49,1.27,1.40,53294,0
05/29/2009,16:00,1.47,1.47,1.15,1.40,158403,0
06/05/2009,16:00,1.35,1.77,1.21,1.55,118837,0
06/12/2009,16:00,1.55,2.00,1.50,1.65,188082,0
06/19/2009,16:00,1.54,1.61,1.34,1.41,55386,0
06/26/2009,16:00,1.43,1.43,1.23,1.27,50961,0
07/03/2009,16:00,1.27,1.52,1.08,1.30,45013,0
07/10/2009,16:00,1.35,1.35,1.01,1.22,32257,0
07/17/2009,16:00,1.23,1.49,1.02,1.21,27594,0
07/24/2009,16:00,1.29,1.30,1.20,1.29,30018,0
07/31/2009,16:00,1.29,1.29,1.11,1.22,45035,0
08/07/2009,16:00,1.38,1.39,1.22,1.23,42734,0
08/14/2009,16:00,1.22,1.38,1.10,1.28,44919,0
08/21/2009,16:00,1.18,1.39,1.17,1.20,28275,0
08/28/2009,16:00,1.28,1.38,1.15,1.30,83189,0
09/04/2009,16:00,1.27,1.30,1.17,1.22,32034,0
09/11/2009,16:00,1.23,1.40,1.23,1.30,62977,0
09/18/2009,16:00,1.30,1.44,1.26,1.31,51820,0
09/25/2009,16:00,1.31,1.49,1.29,1.42,49292,0
10/02/2009,16:00,1.30,1.60,1.30,1.50,87945,0
10/09/2009,16:00,1.50,1.85,1.41,1.49,123423,0
10/16/2009,16:00,1.50,1.75,1.45,1.65,168576,0
10/23/2009,16:00,1.66,1.69,1.40,1.53,62009,0
10/30/2009,16:00,1.49,1.55,1.38,1.40,32133,0
11/06/2009,16:00,1.38,1.45,1.22,1.25,85135,0
11/13/2009,16:00,1.20,1.39,1.20,1.38,44552,0
11/20/2009,16:00,1.40,1.46,1.25,1.35,55074,0
11/27/2009,16:00,1.35,1.35,1.17,1.29,56154,0
12/04/2009,16:00,1.20,1.37,1.20,1.26,118832,0
12/11/2009,16:00,1.32,1.32,1.17,1.27,45399,0
12/18/2009,16:00,1.27,1.65,1.27,1.42,193910,0
12/25/2009,16:00,1.37,1.50,1.32,1.42,66653,0
01/01/2010,16:00,1.31,1.55,1.01,1.43,125159,0
01/08/2010,16:00,1.43,1.48,1.28,1.34,41938,0
01/15/2010,16:00,1.31,1.45,1.11,1.42,96701,0
01/22/2010,16:00,1.44,1.55,1.41,1.41,88900,0
01/29/2010,16:00,1.40,1.60,1.13,1.15,376719,0
02/05/2010,16:00,1.15,1.46,1.02,1.13,568396,0
02/12/2010,16:00,1.15,1.20,1.02,1.04,879078,0
02/19/2010,16:00,1.20,1.20,1.02,1.04,371426,0
02/26/2010,16:00,1.07,1.38,0.93,1.00,1299692,0
03/05/2010,16:00,0.98,1.10,0.95,1.00,321661,0
03/12/2010,16:00,0.98,1.13,0.98,1.08,1458181,0
03/19/2010,16:00,1.07,1.56,1.05,1.39,2453059,0
03/26/2010,16:00,1.37,1.60,1.26,1.45,634743,0
04/02/2010,16:00,1.55,1.61,1.40,1.61,247768,0
04/09/2010,16:00,1.61,1.93,1.46,1.80,589461,0
04/16/2010,16:00,1.80,1.80,1.60,1.73,1406185,0
04/23/2010,16:00,1.75,1.75,1.62,1.66,2980122,0
04/30/2010,16:00,1.64,2.37,1.63,2.26,3514705,0
05/07/2010,16:00,2.25,2.52,2.01,2.06,2128696,0
05/14/2010,16:00,2.13,2.35,1.89,2.15,1139862,0
05/21/2010,16:00,2.15,2.95,2.10,2.74,2659011,0
05/28/2010,16:00,2.78,2.94,2.45,2.73,1992566,0
06/04/2010,16:00,2.68,2.85,2.55,2.58,858249,0
06/11/2010,16:00,2.63,2.65,2.23,2.37,982846,0
06/18/2010,16:00,2.41,2.70,2.39,2.58,472520,0
06/25/2010,16:00,2.58,2.73,2.40,2.43,726116,0
07/02/2010,16:00,2.46,2.52,2.10,2.36,1227796,0
07/09/2010,16:00,2.36,2.44,2.17,2.31,732522,0
07/16/2010,16:00,2.30,2.39,2.03,2.07,567139,0
07/23/2010,16:00,2.13,2.39,2.02,2.16,1250289,0
07/30/2010,16:00,2.13,2.43,2.13,2.43,812547,0
08/06/2010,16:00,2.47,2.57,2.32,2.35,1157475,0
08/13/2010,16:00,2.34,2.67,2.24,2.53,793442,0
08/20/2010,16:00,2.51,2.81,2.44,2.80,2404923,0
08/27/2010,16:00,2.85,3.08,2.78,2.96,4971680,0
09/03/2010,16:00,2.99,3.23,2.84,3.05,5264894,0
09/10/2010,16:00,3.04,3.22,2.96,3.00,2518010,0
09/17/2010,16:00,3.00,3.05,2.64,2.90,2905021,0
09/24/2010,16:00,2.92,2.98,2.68,2.91,1068767,0
10/01/2010,16:00,2.90,2.91,2.48,2.67,2503005,0
10/08/2010,16:00,2.68,2.90,2.43,2.84,3224323,0
10/15/2010,16:00,2.80,3.19,2.74,3.13,4273208,0
10/22/2010,16:00,3.14,3.45,3.00,3.14,5644203,0
10/29/2010,16:00,3.14,3.22,3.02,3.06,2620321,0
11/05/2010,16:00,3.07,3.20,2.89,3.01,3699628,0
11/12/2010,16:00,3.01,3.52,2.97,3.46,5464289,0
11/19/2010,16:00,3.75,3.85,3.51,3.72,6689637,0
11/26/2010,16:00,3.77,3.77,3.46,3.55,3441369,0
12/03/2010,16:00,5.30,6.30,5.15,5.54,72423962,0
12/10/2010,16:00,5.50,6.03,5.46,5.58,13829090,0
12/17/2010,16:00,5.70,7.25,5.59,7.16,18483987,0
12/24/2010,16:00,7.44,8.23,7.25,7.88,14365801,0
12/31/2010,16:00,8.04,8.64,7.72,8.20,7339481,0
01/07/2011,16:00,8.10,8.75,7.52,8.59,19036687,0
01/14/2011,16:00,8.48,9.66,8.45,8.86,24712965,0
01/21/2011,16:00,9.07,9.10,7.89,8.87,12562285,0
01/28/2011,16:00,8.98,9.24,8.33,8.79,9035551,0
02/04/2011,16:00,8.42,9.24,8.31,8.63,7708670,0
02/11/2011,16:00,8.61,8.86,8.07,8.18,7318571,0
02/18/2011,16:00,8.15,9.06,8.11,8.86,7618613,0
02/25/2011,16:00,8.66,8.70,7.80,8.09,6993304,0
03/04/2011,16:00,8.10,8.14,7.37,7.60,11000263,0
03/11/2011,16:00,7.76,7.82,6.92,7.34,15159306,0
03/18/2011,16:00,7.29,7.45,6.96,7.18,7674281,0
03/25/2011,16:00,7.18,7.91,6.92,7.43,10932831,0
04/01/2011,16:00,7.46,7.51,7.11,7.43,6895891,0
04/08/2011,16:00,7.47,8.60,7.37,8.44,11312371,0
04/15/2011,16:00,8.49,8.82,8.30,8.77,8076837,0
04/22/2011,16:00,16.51,17.48,14.21,16.92,82519738,0
04/29/2011,16:00,17.38,17.40,14.61,16.00,25401165,0
05/06/2011,16:00,16.00,16.52,14.94,15.60,13479221,0
05/13/2011,16:00,15.60,17.71,15.40,17.00,15318768,0
05/20/2011,16:00,17.20,18.94,16.02,18.46,18239407,0
05/27/2011,16:00,18.17,19.87,18.08,19.50,18164199,0
06/03/2011,16:00,19.86,19.87,18.01,18.53,8035064,0
06/10/2011,16:00,18.55,18.65,13.81,15.63,24518008,0
06/17/2011,16:00,15.64,16.26,13.41,13.69,17377787,0
06/24/2011,16:00,13.58,14.73,13.30,14.44,12363940,0
07/01/2011,16:00,14.38,14.98,14.25,14.78,6231097,0
07/08/2011,16:00,14.79,15.02,14.25,14.81,4035927,0
07/15/2011,16:00,14.82,14.87,13.39,13.63,7913049,0
07/22/2011,16:00,13.60,14.84,13.51,14.45,9489848,0
07/29/2011,16:00,14.34,14.38,12.65,13.54,7603402,0
08/05/2011,16:00,13.87,13.97,9.86,11.24,23742480,0
08/12/2011,16:00,10.56,13.38,10.14,12.87,19898583,0
08/19/2011,16:00,13.20,13.77,9.90,10.10,20519776,0
08/26/2011,16:00,10.48,10.87,9.61,10.66,10479264,0
09/02/2011,16:00,10.81,11.62,10.20,10.83,8131064,0
09/09/2011,16:00,10.41,11.56,10.29,10.74,4887316,0
09/16/2011,16:00,10.51,11.02,10.12,10.56,6354969,0
09/23/2011,16:00,10.06,11.28,10.06,10.63,8578045,0
09/30/2011,16:00,10.84,10.89,8.63,9.20,16409549,0
10/07/2011,16:00,9.15,9.65,7.90,9.15,22366841,0
10/14/2011,16:00,9.30,10.00,8.76,9.68,7681514,0
10/21/2011,16:00,9.79,9.91,8.72,9.09,11013750,0
10/28/2011,16:00,9.12,10.20,8.83,9.95,10377721,0
11/04/2011,16:00,9.87,10.07,6.80,7.32,29848952,0
11/11/2011,16:00,7.22,7.95,6.99,7.15,12137624,0
11/18/2011,16:00,7.31,7.51,6.43,6.75,12604438,0
11/25/2011,16:00,6.59,7.34,6.48,7.10,9223792,0
12/02/2011,16:00,7.53,7.92,6.75,7.78,10722160,0
12/09/2011,16:00,7.90,8.00,6.86,7.27,8463407,0
12/16/2011,16:00,7.12,7.26,5.99,6.35,8881790,0
12/23/2011,16:00,6.35,6.94,6.11,6.88,5803007,0
12/30/2011,16:00,6.85,7.57,6.54,7.49,4921980,0
01/06/2012,16:00,7.65,7.65,6.13,6.75,21219832,0
01/13/2012,16:00,6.67,7.65,6.52,7.17,13519197,0
01/20/2012,16:00,7.20,9.00,7.20,8.26,17012530,0
01/27/2012,16:00,8.21,8.43,7.55,7.93,13279169,0
02/03/2012,16:00,7.77,9.09,7.73,8.79,12819774,0
02/10/2012,16:00,8.70,9.36,8.33,8.40,10982077,0
02/17/2012,16:00,8.73,9.42,8.15,8.57,14170439,0
02/24/2012,16:00,8.78,9.11,8.49,8.99,8075493,0
03/02/2012,16:00,9.00,9.08,7.42,7.92,27785430,0
03/09/2012,16:00,7.95,8.00,7.05,7.35,17001908,0
03/16/2012,16:00,7.52,10.81,7.01,10.52,42779556,0
03/23/2012,16:00,10.77,12.45,9.69,11.73,57736272,0
03/30/2012,16:00,11.92,11.97,10.83,11.32,20055783,0
04/06/2012,16:00,11.30,11.41,10.13,10.22,24063366,0
04/13/2012,16:00,10.05,10.16,9.30,9.69,13304128,0
04/20/2012,16:00,9.88,10.43,9.32,10.40,23888331,0
04/27/2012,16:00,10.40,12.19,9.58,12.01,27594596,0
05/04/2012,16:00,12.50,12.85,11.86,12.00,23584142,0
05/11/2012,16:00,11.96,12.10,11.11,11.48,14884849,0
05/18/2012,16:00,11.48,11.68,9.80,10.07,21171307,0
05/25/2012,16:00,10.17,11.66,10.05,11.55,15551919,0
06/01/2012,16:00,11.80,12.80,10.75,10.79,26251455,0
06/08/2012,16:00,10.81,12.20,10.34,11.66,16191873,0
06/15/2012,16:00,11.79,12.00,11.14,11.84,12942714,0
06/22/2012,16:00,11.84,13.25,11.73,12.97,26485302,0
06/29/2012,16:00,12.76,15.40,12.45,14.46,40667443,0
07/06/2012,16:00,14.90,15.60,14.69,15.12,26761961,0
07/13/2012,16:00,15.19,15.41,13.63,14.56,30210703,0
07/20/2012,16:00,14.67,15.96,14.43,15.16,35248019,0
07/27/2012,16:00,15.17,15.47,13.45,13.51,46877548,0
08/03/2012,16:00,13.64,13.70,11.20,11.93,45748145,0
08/10/2012,16:00,11.79,13.46,10.86,12.94,39523300,0
08/17/2012,16:00,13.35,13.35,11.29,11.88,31460050,0
08/24/2012,16:00,12.07,13.19,11.61,12.99,23976861,0
08/31/2012,16:00,13.01,13.84,12.75,13.69,19516872,0
09/07/2012,16:00,13.90,14.97,13.81,14.78,25563762,0
09/14/2012,16:00,14.75,14.84,12.88,14.16,35060988,0
09/21/2012,16:00,14.15,14.30,13.28,13.37,18465694,0
09/28/2012,16:00,13.25,13.25,11.88,12.58,22791966,0
10/05/2012,16:00,12.55,12.77,11.14,12.52,24223229,0
10/12/2012,16:00,12.38,12.59,10.35,10.88,27719694,0
10/19/2012,16:00,11.01,12.70,10.89,11.26,26268273,0
10/26/2012,16:00,11.10,12.96,10.89,12.05,26431288,0
11/02/2012,16:00,12.46,12.46,11.31,11.35,8902206,0
11/09/2012,16:00,11.30,11.60,10.17,11.21,21574507,0
11/16/2012,16:00,11.01,11.53,10.40,10.84,22100428,0
11/23/2012,16:00,10.95,11.48,10.45,11.21,13890834,0
11/30/2012,16:00,11.19,12.46,11.02,12.41,18812430,0
12/07/2012,16:00,12.25,12.90,9.40,9.69,36300967,0
12/14/2012,16:00,9.94,9.96,8.37,8.84,36559708,0
12/21/2012,16:00,9.03,9.04,7.88,7.96,28924037,0
12/28/2012,16:00,7.99,8.00,7.56,7.70,12609521,0
01/04/2013,16:00,7.65,8.54,7.65,8.41,19282729,0
01/11/2013,16:00,8.55,8.85,8.20,8.62,17426179,0
01/18/2013,16:00,8.70,9.24,8.10,8.47,29187919,0
01/25/2013,16:00,8.59,8.75,8.18,8.39,17365273,0
02/01/2013,16:00,8.40,8.76,7.95,8.45,17994658,0
02/08/2013,16:00,8.36,8.80,8.26,8.58,12774710,0
02/15/2013,16:00,8.60,8.90,8.45,8.73,17925417,0
02/22/2013,16:00,8.70,8.98,8.03,8.24,12423543,0
03/01/2013,16:00,8.32,8.44,7.50,7.55,17420228,0
03/08/2013,16:00,7.64,8.77,7.55,8.48,19384976,0
03/15/2013,16:00,8.52,8.76,8.31,8.46,14177668,0
03/22/2013,16:00,8.37,8.44,7.51,7.63,13444348,0
03/29/2013,16:00,7.63,7.67,6.77,7.41,23524063,0
04/05/2013,16:00,7.42,7.74,7.15,7.19,12893040,0
04/12/2013,16:00,7.44,7.91,7.07,7.64,17464840,0
04/19/2013,16:00,7.40,7.53,6.55,6.79,17496692,0
04/26/2013,16:00,6.87,7.29,6.34,6.84,22462487,0
05/03/2013,16:00,7.10,7.57,6.71,6.78,21723112,0
05/10/2013,16:00,6.85,7.33,6.80,7.25,18550823,0
05/17/2013,16:00,7.20,7.98,7.08,7.14,21301496,0
05/24/2013,16:00,7.10,7.32,6.74,6.78,13955800,0
05/31/2013,16:00,6.99,7.27,6.25,6.99,28561173,0
06/07/2013,16:00,7.01,7.20,6.60,7.07,14955145,0
06/14/2013,16:00,7.03,7.17,6.70,6.76,11661656,0
06/21/2013,16:00,6.76,6.80,6.12,6.29,16988410,0
06/28/2013,16:00,6.22,6.22,5.36,5.80,23721278,0
07/05/2013,16:00,5.86,6.00,5.59,5.96,6844278,0
07/12/2013,16:00,5.97,6.20,5.22,5.27,30736065,0
07/19/2013,16:00,5.31,5.74,5.30,5.54,18272384,0
07/26/2013,16:00,5.55,5.62,5.12,5.31,15419681,0
08/02/2013,16:00,5.38,5.60,5.31,5.44,13761644,0
08/09/2013,16:00,5.48,5.60,5.13,5.39,20503276,0
08/16/2013,16:00,5.34,6.18,5.28,6.00,26427054,0
08/23/2013,16:00,6.03,6.22,5.73,6.06,17763012,0
08/30/2013,16:00,6.13,6.50,6.07,6.30,16058454,0
09/06/2013,16:00,6.39,7.40,6.30,7.19,25588945,0
09/13/2013,16:00,7.30,7.33,6.31,6.60,35994917,0
09/20/2013,16:00,6.68,6.77,6.31,6.42,19031793,0
09/27/2013,16:00,6.37,7.00,6.05,6.55,21853536,0
10/04/2013,16:00,6.44,7.23,6.27,7.18,26566085,0
10/11/2013,16:00,7.20,7.39,5.01,5.09,73913782,0
10/18/2013,16:00,5.12,5.54,1.85,2.03,161147377,0
10/25/2013,16:00,2.05,2.45,2.01,2.18,58212135,0
11/01/2013,16:00,2.21,2.23,1.59,1.64,48126274,0
11/08/2013,16:00,1.60,1.74,1.36,1.57,35569501,0
11/15/2013,16:00,1.60,1.63,1.46,1.55,15133876,0
11/22/2013,16:00,1.60,2.04,1.51,1.76,42720025,0
11/29/2013,16:00,1.78,1.96,1.75,1.82,13025837,0
12/06/2013,16:00,1.89,2.07,1.72,1.77,28087898,0
12/13/2013,16:00,1.80,1.84,1.59,1.73,15206214,0
12/20/2013,16:00,1.72,2.19,1.59,2.00,40588413,0
12/27/2013,16:00,2.10,2.14,1.80,1.82,20680105,0
01/03/2014,16:00,1.83,2.04,1.82,1.99,21123112,0
01/10/2014,16:00,2.04,2.48,2.00,2.23,43255812,0
01/17/2014,16:00,2.25,2.75,2.05,2.27,61420586,0
01/24/2014,16:00,1.77,1.78,1.60,1.71,39002568,0
01/31/2014,16:00,1.75,1.86,1.69,1.83,16644354,0
02/07/2014,16:00,1.84,1.97,1.72,1.75,17497574,0
02/14/2014,16:00,1.78,1.80,1.72,1.75,11538632,0
02/21/2014,16:00,1.74,1.97,1.74,1.86,20821977,0
02/28/2014,16:00,1.89,1.96,1.73,1.74,23063632,0
03/07/2014,16:00,1.78,1.92,1.68,1.85,16033101,0
03/14/2014,16:00,1.82,1.99,1.78,1.80,14790789,0
03/21/2014,16:00,1.81,1.84,1.74,1.75,10674150,0
03/28/2014,16:00,1.77,1.91,1.71,1.86,12997372,0
04/04/2014,16:00,1.87,1.98,1.75,1.77,12725673,0
04/11/2014,16:00,1.80,1.82,1.68,1.69,9864400,0
04/18/2014,16:00,1.70,1.72,1.51,1.58,7323974,0
04/25/2014,16:00,1.59,1.67,1.56,1.59,5709907,0
05/02/2014,16:00,1.60,1.74,1.58,1.71,6674556,0
05/09/2014,16:00,1.69,1.73,1.45,1.51,8046146,0
05/16/2014,16:00,1.48,1.57,1.36,1.37,13085122,0
05/23/2014,16:00,1.36,1.36,1.28,1.35,8101410,0
05/30/2014,16:00,1.33,1.53,1.33,1.41,5834898,0
06/06/2014,16:00,1.42,1.47,1.32,1.46,3934074,0
06/13/2014,16:00,1.44,1.65,1.44,1.54,7686610,0
06/20/2014,16:00,1.53,1.70,1.50,1.60,9719201,0
06/27/2014,16:00,1.61,1.76,1.55,1.69,9419573,0
07/04/2014,16:00,1.70,1.78,1.66,1.70,10140861,0
07/11/2014,16:00,1.72,1.74,1.56,1.59,6175734,0
07/18/2014,16:00,1.59,1.62,1.48,1.51,6427867,0
07/25/2014,16:00,1.50,1.62,1.47,1.50,7050737,0
08/01/2014,16:00,1.51,1.82,1.51,1.65,21149756,0
08/08/2014,16:00,1.67,1.75,1.55,1.66,9746728,0
08/15/2014,16:00,1.67,1.87,1.62,1.82,15833140,0
08/22/2014,16:00,1.79,1.88,1.74,1.83,10438199,0
08/29/2014,16:00,1.85,1.95,1.81,1.93,13984207,0
09/05/2014,16:00,1.95,1.95,1.84,1.94,8266194,0
09/12/2014,16:00,1.94,2.09,1.36,1.49,33773516,0
09/19/2014,16:00,1.46,1.46,1.27,1.30,15535258,0
09/26/2014,16:00,1.29,1.30,1.07,1.11,17672682,0
10/03/2014,16:00,1.09,1.15,0.98,1.06,12145372,0
10/10/2014,16:00,1.06,1.07,0.94,1.00,8564404,0
10/17/2014,16:00,1.00,1.08,0.96,1.05,4591183,0
10/24/2014,16:00,1.05,1.10,0.94,0.94,9323318,0
10/31/2014,16:00,0.94,0.96,0.89,0.94,8277554,0
11/07/2014,16:00,0.95,1.01,0.88,0.90,8533726,0
11/14/2014,16:00,0.87,0.98,0.78,0.95,9495890,0
11/21/2014,16:00,0.94,1.38,0.94,1.31,23256872,0
11/28/2014,16:00,1.32,1.32,1.20,1.29,5390588,0
12/05/2014,16:00,1.27,1.30,1.10,1.11,4219941,0
12/12/2014,16:00,1.11,1.13,0.96,1.08,4192309,0
12/19/2014,16:00,1.09,1.20,0.97,1.13,11401652,0
12/26/2014,16:00,1.13,1.19,0.98,1.00,6796470,0
01/02/2015,16:00,0.99,1.15,0.93,1.13,8856083,0
01/09/2015,16:00,1.13,1.13,1.00,1.08,4168656,0
01/16/2015,16:00,1.07,1.15,1.01,1.02,4475729,0
01/23/2015,16:00,1.02,1.06,0.98,1.03,3398986,0
01/30/2015,16:00,1.02,1.05,1.01,1.02,3246248,0
02/06/2015,16:00,1.01,1.13,1.01,1.06,7053291,0
02/13/2015,16:00,1.06,1.23,1.05,1.18,9601229,0
02/20/2015,16:00,1.17,1.51,1.17,1.33,17164760,0
02/27/2015,16:00,1.34,1.75,1.34,1.51,19024239,0
03/06/2015,16:00,1.54,1.79,1.48,1.78,16681803,0
03/13/2015,16:00,1.80,3.00,1.79,2.90,72266376,0
03/20/2015,16:00,3.28,3.33,2.26,2.52,115747281,0
03/27/2015,16:00,2.50,2.59,2.22,2.41,20573772,0
04/03/2015,16:00,2.40,2.52,2.28,2.36,10788433,0
04/10/2015,16:00,2.36,2.60,2.35,2.59,12880388,0
04/17/2015,16:00,2.58,2.64,2.28,2.33,10160107,0
04/24/2015,16:00,2.35,2.45,2.28,2.33,8231780,0
05/01/2015,16:00,2.34,2.36,1.86,1.89,15383184,0
05/08/2015,16:00,1.91,2.03,1.82,1.85,11226058,0
05/15/2015,16:00,1.85,1.98,1.82,1.93,6294320,0
05/22/2015,16:00,1.92,2.00,1.88,1.92,6104882,0
05/29/2015,16:00,1.90,2.80,1.88,2.31,30031483,0
06/05/2015,16:00,2.32,2.52,2.25,2.45,10804176,0
06/12/2015,16:00,2.44,2.51,2.29,2.47,9163125,0
06/19/2015,16:00,2.47,2.48,2.35,2.36,6399805,0
06/26/2015,16:00,2.39,2.65,2.35,2.41,10518333,0
07/03/2015,16:00,2.35,2.53,2.28,2.52,5661631,0
07/10/2015,16:00,2.48,2.55,2.26,2.41,9658551,0
07/17/2015,16:00,2.42,2.53,2.35,2.40,4808327,0
07/24/2015,16:00,2.39,2.45,2.13,2.16,5628736,0
07/31/2015,16:00,2.17,2.30,2.04,2.26,3321693,0
08/07/2015,16:00,2.24,2.59,2.00,2.33,18387970,0
08/14/2015,16:00,2.45,2.45,2.22,2.34,7024136,0
08/21/2015,16:00,2.34,2.37,1.96,2.03,8585395,0
08/28/2015,16:00,1.90,2.34,1.58,2.23,11719967,0
09/04/2015,16:00,2.21,2.39,2.10,2.35,8674557,0
09/11/2015,16:00,2.39,2.48,2.28,2.46,5574274,0
09/18/2015,16:00,2.49,2.50,2.35,2.46,6038131,0
09/25/2015,16:00,2.46,2.46,2.15,2.20,6434326,0
10/02/2015,16:00,2.14,2.16,1.89,2.06,7066922,0
10/09/2015,16:00,2.03,2.13,1.97,2.08,4275926,0
10/16/2015,16:00,2.08,2.08,1.90,1.99,3581249,0
10/23/2015,16:00,1.95,2.01,1.86,1.88,4428762,0
10/30/2015,16:00,1.88,2.04,1.79,1.90,7631761,0
11/06/2015,16:00,1.90,2.07,1.90,2.04,5517278,0
11/13/2015,16:00,2.06,2.19,1.95,2.02,7095693,0
11/20/2015,16:00,2.03,2.04,1.87,1.96,5683383,0
11/27/2015,16:00,1.97,2.11,1.92,2.11,9432587,0
12/04/2015,16:00,2.11,2.15,1.98,2.00,6040369,0
12/11/2015,16:00,1.97,2.00,1.80,1.87,7484566,0
12/18/2015,16:00,1.89,2.06,1.84,1.90,11704393,0
12/25/2015,16:00,1.91,1.95,1.87,1.92,3140655,0
01/01/2016,16:00,1.90,1.92,1.83,1.89,2856839,0
01/08/2016,16:00,1.86,1.88,1.59,1.63,5976599,0
01/15/2016,16:00,1.66,1.72,1.48,1.50,10244845,0
01/22/2016,16:00,1.49,1.64,1.36,1.62,6058306,0
01/29/2016,16:00,1.62,1.71,1.27,1.36,4863043,0
02/05/2016,16:00,1.35,1.51,1.32,1.38,4328286,0
02/12/2016,16:00,1.36,1.40,1.24,1.27,3633105,0
02/19/2016,16:00,1.26,1.47,1.26,1.36,2631696,0
02/26/2016,16:00,1.37,1.55,1.34,1.45,2982090,0
03/04/2016,16:00,1.47,1.57,1.42,1.53,2551768,0
03/11/2016,16:00,1.53,1.70,1.52,1.62,4634683,0
03/18/2016,16:00,1.61,1.65,1.37,1.44,4827460,0
03/25/2016,16:00,1.45,1.54,1.40,1.45,2215602,0
04/01/2016,16:00,1.46,1.59,1.41,1.58,3897743,0
04/08/2016,16:00,1.58,1.76,1.55,1.71,6865101,0
04/15/2016,16:00,1.71,1.78,1.66,1.73,2596563,0
04/22/2016,16:00,1.74,1.90,1.72,1.88,3801325,0
04/29/2016,16:00,1.90,1.96,1.82,1.83,4050347,0
05/06/2016,16:00,1.83,1.99,1.50,1.52,5974585,0
05/13/2016,16:00,1.50,1.68,1.50,1.61,3337854,0
05/20/2016,16:00,1.64,1.83,1.60,1.72,3065470,0
05/27/2016,16:00,1.74,1.87,1.73,1.86,3097649,0
06/03/2016,16:00,1.88,2.28,1.87,2.23,12199660,0
06/10/2016,16:00,2.25,2.35,2.10,2.12,6569245,0
06/17/2016,16:00,2.12,2.18,2.02,2.05,4174446,0
06/24/2016,16:00,2.10,2.15,1.94,2.00,3610857,0
07/01/2016,16:00,1.99,2.19,1.90,2.19,8479002,0
07/08/2016,16:00,2.15,2.20,2.13,2.19,3517497,0
07/15/2016,16:00,2.18,2.32,2.15,2.31,4789656,0
07/22/2016,16:00,2.31,2.39,2.25,2.35,3144025,0
07/29/2016,16:00,2.35,2.75,2.19,2.65,15802926,0
08/05/2016,16:00,2.72,3.43,2.65,3.33,56070642,0
08/12/2016,16:00,3.36,3.46,2.91,3.07,26390210,0
08/19/2016,16:00,3.12,3.32,3.05,3.16,12501792,0
08/26/2016,16:00,3.15,3.29,2.98,3.08,16463524,0
09/02/2016,16:00,3.07,3.07,2.73,2.92,23979962,0
09/09/2016,16:00,2.95,3.44,2.95,3.17,21053832,0
09/16/2016,16:00,2.84,3.00,2.63,2.67,21022186,0
09/23/2016,16:00,2.69,2.97,2.56,2.94,12793700,0
09/30/2016,16:00,2.94,3.31,2.93,3.19,27106879,0
10/07/2016,16:00,3.20,3.30,3.06,3.13,9196433,0
10/14/2016,16:00,3.14,3.21,2.93,2.96,9967418,0
10/21/2016,16:00,2.99,3.23,2.93,3.20,14067610,0
10/28/2016,16:00,3.25,3.65,3.09,3.23,23784854,0
11/04/2016,16:00,3.22,3.28,2.75,2.81,14602106,0
11/11/2016,16:00,2.85,3.20,2.83,3.16,11209185,0
11/18/2016,16:00,3.18,3.61,3.13,3.42,15837243,0
11/25/2016,16:00,3.47,3.53,3.26,3.42,6740076,0
12/02/2016,16:00,3.40,3.41,3.06,3.17,8738384,0
12/09/2016,16:00,3.18,3.37,3.13,3.22,5751733,0
12/16/2016,16:00,3.22,3.28,3.15,3.20,5160677,0
12/23/2016,16:00,3.22,3.30,2.94,3.11,10035214,0
12/30/2016,16:00,3.10,3.15,3.01,3.08,4155816,0
01/06/2017,16:00,3.09,3.25,3.00,3.00,6875358,0
01/13/2017,16:00,3.03,3.12,2.90,3.02,9043195,0
01/20/2017,16:00,2.99,3.00,2.88,2.95,5395405,0
01/27/2017,16:00,2.95,2.99,2.85,2.94,5298469,0
02/03/2017,16:00,2.92,3.13,2.81,3.13,6990035,0
02/10/2017,16:00,3.14,3.48,3.12,3.40,12069581,0
02/17/2017,16:00,3.40,3.57,3.28,3.51,8592962,0
02/24/2017,16:00,3.51,3.58,3.16,3.32,6372728,0
03/03/2017,16:00,3.32,3.57,3.14,3.29,12319148,0
03/10/2017,16:00,3.24,3.39,3.12,3.17,8839103,0
03/17/2017,16:00,3.17,3.38,3.10,3.29,8109766,0
03/24/2017,16:00,3.30,3.36,3.13,3.19,6307250,0
03/31/2017,16:00,3.17,3.28,3.14,3.20,4907509,0
04/07/2017,16:00,3.22,3.23,3.07,3.15,4739597,0
04/14/2017,16:00,3.17,3.21,3.07,3.11,2530053,0
04/21/2017,16:00,3.12,3.23,3.10,3.17,3613721,0
04/28/2017,16:00,3.19,3.24,3.12,3.16,7398991,0
05/05/2017,16:00,3.16,3.20,2.86,2.90,10217359,0
05/12/2017,16:00,2.91,3.04,2.85,3.02,6698476,0
05/19/2017,16:00,3.04,3.14,2.92,2.96,8054577,0
05/26/2017,16:00,2.99,3.08,2.90,2.98,4814083,0
06/02/2017,16:00,2.96,3.03,2.91,3.02,4112192,0
06/09/2017,16:00,3.02,3.05,2.93,2.96,6058300,0
06/16/2017,16:00,2.97,3.00,2.92,2.93,5211969,0
06/23/2017,16:00,2.95,3.40,2.95,3.36,11536663,0
06/30/2017,16:00,3.39,4.10,3.35,4.03,25697998,0
07/07/2017,16:00,4.06,4.47,3.90,4.12,18469526,0
07/14/2017,16:00,4.04,4.21,3.93,4.17,22143890,0
07/21/2017,16:00,4.23,4.32,4.08,4.16,12125557,0
07/28/2017,16:00,4.21,4.22,3.89,3.92,8377175,0
08/04/2017,16:00,3.95,4.03,3.43,3.67,18612440,0
08/11/2017,16:00,3.68,3.71,3.04,3.26,11505172,0
08/18/2017,16:00,3.18,3.49,2.98,3.04,12391437,0
08/25/2017,16:00,3.05,3.23,2.97,3.12,5804702,0
09/01/2017,16:00,3.12,3.43,3.08,3.25,7168683,0
09/08/2017,16:00,3.24,3.25,3.08,3.11,5264488,0
09/15/2017,16:00,3.12,3.45,3.12,3.37,10682498,0
09/22/2017,16:00,3.39,3.44,3.20,3.29,5526027,0
09/29/2017,16:00,3.35,3.67,3.35,3.50,11211279,0
10/06/2017,16:00,3.50,3.56,3.44,3.51,4561449,0
10/13/2017,16:00,3.52,3.52,3.30,3.31,5137438,0
10/20/2017,16:00,3.29,3.49,3.26,3.40,6524002,0
10/27/2017,16:00,3.42,3.46,3.21,3.33,5220617,0
11/03/2017,16:00,3.31,3.62,3.28,3.60,7996600,0
11/10/2017,16:00,3.58,3.70,3.39,3.53,4223427,0
11/17/2017,16:00,3.53,3.60,3.21,3.24,6037746,0
11/24/2017,16:00,3.26,3.40,3.21,3.30,2772532,0
12/01/2017,16:00,3.35,3.35,3.13,3.20,5379974,0
12/08/2017,16:00,3.20,3.34,3.04,3.25,7914273,0
12/15/2017,16:00,3.25,3.42,3.18,3.39,10426814,0
12/22/2017,16:00,3.40,4.13,3.39,4.09,13540295,0
12/29/2017,16:00,4.09,4.24,3.98,4.01,5921341,0
01/05/2018,16:00,4.01,4.41,4.00,4.37,6467175,0
01/12/2018,16:00,4.38,4.40,4.21,4.25,4894801,0
01/19/2018,16:00,4.30,4.32,3.93,3.97,7494934,0
01/26/2018,16:00,3.98,4.60,3.97,4.27,21274448,0
02/02/2018,16:00,4.26,4.32,3.66,3.76,25158223,0
02/09/2018,16:00,3.69,3.81,3.31,3.48,9454760,0
02/16/2018,16:00,3.51,3.74,3.44,3.64,6130500,0
02/23/2018,16:00,3.70,3.76,3.63,3.70,5133317,0
03/02/2018,16:00,3.94,3.99,3.26,3.36,9197517,0
03/09/2018,16:00,3.36,3.63,3.29,3.60,8560728,0
03/16/2018,16:00,3.62,3.82,3.37,3.40,7173355,0
03/23/2018,16:00,3.40,3.42,3.02,3.06,12840710,0
03/30/2018,16:00,3.05,3.19,2.91,3.01,7787370,0
04/06/2018,16:00,3.03,3.22,2.82,3.01,10773671,0
04/13/2018,16:00,3.04,3.31,2.89,3.03,9786057,0
04/20/2018,16:00,3.05,3.21,2.93,2.94,12162673,0
04/27/2018,16:00,2.97,3.05,2.66,2.82,21082729,0
05/04/2018,16:00,2.86,3.18,2.72,3.17,9581799,0
05/11/2018,16:00,3.20,3.23,2.99,3.15,7524886,0
05/18/2018,16:00,3.15,3.35,3.15,3.27,6771203,0
05/25/2018,16:00,3.27,3.30,2.98,3.07,9737782,0
06/01/2018,16:00,3.10,3.48,3.09,3.36,8140183,0
06/08/2018,16:00,3.36,3.49,3.27,3.46,6690891,0
06/15/2018,16:00,3.48,3.52,3.22,3.23,6732497,0
06/22/2018,16:00,3.30,3.37,2.85,2.88,11960793,0
06/29/2018,16:00,2.90,3.14,2.70,3.09,16918491,0
07/06/2018,16:00,3.08,3.11,2.87,2.98,6849021,0
07/13/2018,16:00,2.99,3.10,2.85,3.05,18877093,0
07/20/2018,16:00,3.06,3.10,2.72,2.80,29773824,0
07/27/2018,16:00,2.81,2.90,2.60,2.63,13281404,0
08/03/2018,16:00,2.63,2.81,2.35,2.67,20844520,0
08/10/2018,16:00,2.72,3.01,2.70,2.86,12770220,0
08/17/2018,16:00,2.88,3.06,2.82,2.96,9961834,0
08/24/2018,16:00,2.96,2.98,2.70,2.77,12188031,0
08/31/2018,16:00,2.81,3.30,2.73,3.16,25380501,0
09/07/2018,16:00,3.27,3.32,3.12,3.15,15345699,0
09/14/2018,16:00,3.20,3.26,2.82,2.90,18633096,0
09/21/2018,16:00,2.98,3.02,2.65,2.99,16798918,0
09/28/2018,16:00,10.44,16.34,9.51,16.27,384299177,0
10/05/2018,16:00,17.20,20.50,15.02,19.80,194923825,0
10/12/2018,16:00,19.64,21.05,16.65,19.65,93461253,0
10/19/2018,16:00,19.17,21.20,18.58,19.71,50531910,0
10/26/2018,16:00,19.89,22.12,18.76,21.96,51482554,0
11/02/2018,16:00,23.06,23.10,19.54,22.87,57708635,0
11/09/2018,16:00,22.92,23.34,20.16,21.05,44840768,0
11/16/2018,16:00,20.15,21.03,13.56,18.15,141722215,0
11/23/2018,16:00,17.82,19.46,16.28,19.20,31579180,0
11/30/2018,16:00,19.63,19.75,16.12,18.00,53141461,0
12/07/2018,16:00,18.40,18.49,16.20,16.91,26651682,0
12/14/2018,16:00,16.80,17.25,16.00,16.06,20006392,0
12/21/2018,16:00,16.00,16.23,13.01,13.23,40894081,0
12/28/2018,16:00,12.52,13.99,11.78,13.24,28115656,0
01/04/2019,16:00,13.65,14.14,12.44,13.20,25981620,0
01/11/2019,16:00,12.63,18.92,12.62,18.00,84153790,0
01/18/2019,16:00,17.27,17.78,16.11,17.23,38861845,0
01/25/2019,16:00,17.00,18.16,16.82,17.34,37349482,0
02/01/2019,16:00,16.52,17.98,15.87,16.87,32976154,0
02/08/2019,16:00,16.91,17.08,15.65,16.81,22528022,0
02/15/2019,16:00,17.00,18.06,16.32,17.66,25810055,0
02/22/2019,16:00,17.70,20.50,17.07,19.87,40497379,0
03/01/2019,16:00,19.33,22.85,18.91,22.33,53918662,0
03/08/2019,16:00,22.30,23.25,20.46,21.40,43875765,0
03/15/2019,16:00,21.64,21.99,20.05,20.33,31119723,0
03/22/2019,16:00,21.23,21.50,17.48,17.51,40288150,0
03/29/2019,16:00,17.35,20.90,16.65,20.76,66904649,0
04/05/2019,16:00,20.79,20.97,19.19,19.75,35613030,0
04/12/2019,16:00,19.58,19.79,18.49,18.79,18673461,0
