"Date","Time","Open","High","Low","Close","Vol","OI"
11/22/1996,16:00,13.00,13.00,10.25,10.50,158400,0
11/29/1996,16:00,10.75,11.00,10.25,11.00,95200,0
12/06/1996,16:00,10.50,10.75,9.00,10.13,657700,0
12/13/1996,16:00,10.13,14.25,9.94,13.50,608500,0
12/20/1996,16:00,14.50,14.50,13.00,13.56,285400,0
12/27/1996,16:00,13.63,15.25,13.00,15.25,237200,0
01/03/1997,16:00,15.13,17.25,14.75,17.00,265700,0
01/10/1997,16:00,16.50,19.75,16.50,18.25,1526900,0
01/17/1997,16:00,19.00,20.00,18.25,19.75,402000,0
01/24/1997,16:00,19.75,24.25,18.75,20.63,266900,0
01/31/1997,16:00,21.25,22.25,19.75,22.25,213500,0
02/07/1997,16:00,21.00,24.00,20.75,23.75,177200,0
02/14/1997,16:00,23.00,23.75,20.50,23.25,288700,0
02/21/1997,16:00,23.25,24.25,22.50,23.75,132600,0
02/28/1997,16:00,23.25,24.25,18.50,19.75,141500,0
03/07/1997,16:00,19.00,19.75,17.50,18.50,153300,0
03/14/1997,16:00,17.50,18.50,17.00,17.13,147200,0
03/21/1997,16:00,17.75,17.75,14.50,15.50,154700,0
03/28/1997,16:00,15.25,17.63,14.25,16.13,193700,0
04/04/1997,16:00,15.38,16.25,12.00,12.75,1045000,0
04/11/1997,16:00,13.00,15.00,12.75,14.88,291000,0
04/18/1997,16:00,15.00,15.00,13.50,14.13,431300,0
04/25/1997,16:00,14.00,14.25,13.00,13.00,78200,0
05/02/1997,16:00,13.13,15.75,13.00,15.50,255600,0
05/09/1997,16:00,15.75,17.63,15.25,17.38,339300,0
05/16/1997,16:00,17.38,18.25,17.00,18.25,128200,0
05/23/1997,16:00,18.00,19.50,17.25,19.00,583200,0
05/30/1997,16:00,19.25,19.25,18.00,18.50,63700,0
06/06/1997,16:00,18.63,18.75,17.88,18.25,100100,0
06/13/1997,16:00,18.25,18.50,16.13,16.75,211700,0
06/20/1997,16:00,17.38,19.00,17.00,18.75,192800,0
06/27/1997,16:00,19.00,19.50,16.50,17.13,292600,0
07/04/1997,16:00,17.50,18.00,16.88,17.75,117700,0
07/11/1997,16:00,17.72,19.75,16.75,17.25,700500,0
07/18/1997,16:00,17.25,18.25,16.25,17.00,296100,0
07/25/1997,16:00,17.50,18.50,16.50,17.63,286100,0
08/01/1997,16:00,17.13,17.63,16.19,16.38,445500,0
08/08/1997,16:00,16.00,16.38,14.75,15.50,718500,0
08/15/1997,16:00,15.50,17.00,15.25,15.50,171800,0
08/22/1997,16:00,16.25,19.00,15.38,18.75,552500,0
08/29/1997,16:00,18.75,19.00,17.88,18.25,390300,0
09/05/1997,16:00,18.25,19.38,18.00,18.88,149300,0
09/12/1997,16:00,18.63,22.25,18.25,21.13,834800,0
09/19/1997,16:00,21.25,22.38,19.50,21.38,263500,0
09/26/1997,16:00,21.50,22.75,19.88,22.13,309000,0
10/03/1997,16:00,22.13,27.25,21.00,25.75,769800,0
10/10/1997,16:00,25.75,29.25,24.50,27.25,617600,0
10/17/1997,16:00,27.50,28.00,23.00,25.00,500400,0
10/24/1997,16:00,24.50,25.38,23.25,24.63,1186100,0
10/31/1997,16:00,24.38,24.38,17.75,21.50,910300,0
11/07/1997,16:00,21.50,25.00,21.25,23.25,610900,0
11/14/1997,16:00,23.75,24.25,21.50,21.69,133600,0
11/21/1997,16:00,21.88,23.75,20.00,21.38,259800,0
11/28/1997,16:00,21.00,21.75,19.75,20.63,350000,0
12/05/1997,16:00,21.00,24.00,20.75,23.00,294300,0
12/12/1997,16:00,23.63,23.63,19.00,19.13,151200,0
12/19/1997,16:00,20.00,20.13,18.25,18.63,269700,0
12/26/1997,16:00,18.75,23.00,18.75,22.75,165900,0
01/02/1998,16:00,22.75,23.50,22.00,23.00,237800,0
01/09/1998,16:00,23.13,23.13,19.75,20.50,407800,0
01/16/1998,16:00,20.75,21.25,15.00,17.75,1080800,0
01/23/1998,16:00,17.75,18.00,17.00,17.06,965200,0
01/30/1998,16:00,17.00,22.00,17.00,21.75,444400,0
02/06/1998,16:00,22.13,24.38,21.50,24.00,620000,0
02/13/1998,16:00,24.00,24.00,22.88,23.38,189500,0
02/20/1998,16:00,23.13,25.50,22.75,24.00,403700,0
02/27/1998,16:00,23.75,23.75,21.88,22.13,660100,0
03/06/1998,16:00,21.50,24.25,21.13,23.25,205500,0
03/13/1998,16:00,23.75,24.13,20.75,20.75,227500,0
03/20/1998,16:00,21.63,22.25,20.25,21.56,381200,0
03/27/1998,16:00,21.50,22.50,19.25,20.13,423700,0
04/03/1998,16:00,20.38,22.50,20.00,20.13,408200,0
04/10/1998,16:00,20.50,21.00,18.63,19.75,228800,0
04/17/1998,16:00,19.75,20.25,18.25,19.00,219800,0
04/24/1998,16:00,18.63,19.25,17.25,17.50,205900,0
05/01/1998,16:00,18.00,18.00,15.50,16.50,211900,0
05/08/1998,16:00,16.50,17.13,16.00,16.13,96500,0
05/15/1998,16:00,16.75,17.63,15.38,16.63,239000,0
05/22/1998,16:00,17.19,17.19,14.87,15.63,331000,0
05/29/1998,16:00,15.50,15.88,12.63,14.25,940900,0
06/05/1998,16:00,14.13,14.38,13.00,13.44,1432900,0
06/12/1998,16:00,13.44,14.50,12.50,14.25,1080000,0
06/19/1998,16:00,13.50,14.88,11.13,12.13,2762400,0
06/26/1998,16:00,12.25,12.94,10.25,11.56,744200,0
07/03/1998,16:00,12.13,13.38,11.56,13.19,415200,0
07/10/1998,16:00,13.50,13.50,11.88,12.38,177700,0
07/17/1998,16:00,12.13,12.75,11.63,12.00,249700,0
07/24/1998,16:00,11.63,13.56,11.50,11.50,253600,0
07/31/1998,16:00,11.25,11.25,7.88,9.00,970600,0
08/07/1998,16:00,9.38,9.38,8.75,9.13,259800,0
08/14/1998,16:00,9.50,10.00,8.50,8.50,143700,0
08/21/1998,16:00,7.00,7.00,5.38,5.44,2392400,0
08/28/1998,16:00,5.63,6.13,4.63,5.00,470600,0
09/04/1998,16:00,4.75,5.50,4.00,4.88,349400,0
09/11/1998,16:00,5.38,5.50,4.69,4.88,95100,0
09/18/1998,16:00,5.06,5.19,4.00,4.88,278500,0
09/25/1998,16:00,4.88,7.31,4.88,6.75,217700,0
10/02/1998,16:00,6.75,7.50,6.25,7.38,234000,0
10/09/1998,16:00,6.75,7.00,4.19,4.50,233700,0
10/16/1998,16:00,4.50,5.13,4.25,4.63,175500,0
10/23/1998,16:00,4.63,5.25,4.44,5.13,243100,0
10/30/1998,16:00,5.25,5.88,4.81,5.63,844600,0
11/06/1998,16:00,5.88,7.44,5.63,6.88,322900,0
11/13/1998,16:00,6.88,7.00,5.25,5.50,135400,0
11/20/1998,16:00,5.44,6.88,5.44,6.25,281000,0
11/27/1998,16:00,6.63,6.81,5.75,6.13,1401800,0
12/04/1998,16:00,5.81,6.25,5.38,5.38,123900,0
12/11/1998,16:00,5.31,5.44,4.78,5.00,259300,0
12/18/1998,16:00,5.00,5.88,4.66,5.31,258100,0
12/25/1998,16:00,5.31,5.38,4.75,4.94,128900,0
01/01/1999,16:00,4.94,5.00,4.50,4.94,494000,0
01/08/1999,16:00,5.00,7.50,5.00,7.06,752900,0
01/15/1999,16:00,8.00,8.38,6.75,7.25,413300,0
01/22/1999,16:00,7.50,7.50,5.75,6.00,336900,0
01/29/1999,16:00,6.25,7.84,5.59,6.72,457800,0
02/05/1999,16:00,6.94,7.00,5.25,5.75,796200,0
02/12/1999,16:00,5.63,6.75,5.63,6.38,183800,0
02/19/1999,16:00,6.69,6.69,5.63,6.13,67000,0
02/26/1999,16:00,6.25,6.50,5.50,5.81,178000,0
03/05/1999,16:00,5.53,5.94,5.31,5.41,110000,0
03/12/1999,16:00,5.63,5.63,4.69,4.69,256200,0
03/19/1999,16:00,4.69,5.13,4.63,4.75,115700,0
03/26/1999,16:00,4.88,5.56,4.03,5.38,420900,0
04/02/1999,16:00,5.63,6.56,4.63,5.25,378300,0
04/09/1999,16:00,5.38,5.38,4.13,4.19,459300,0
04/16/1999,16:00,4.50,4.50,3.75,4.00,394100,0
04/23/1999,16:00,4.06,4.25,3.94,4.06,302000,0
04/30/1999,16:00,4.00,4.50,3.66,4.06,192700,0
05/07/1999,16:00,3.94,5.00,3.50,4.50,273600,0
05/14/1999,16:00,4.81,4.88,4.19,4.41,109000,0
05/21/1999,16:00,4.31,4.78,4.06,4.50,146800,0
05/28/1999,16:00,4.50,4.63,4.19,4.56,163000,0
06/04/1999,16:00,4.44,4.63,4.25,4.50,160600,0
06/11/1999,16:00,4.63,4.75,4.25,4.38,112100,0
06/18/1999,16:00,4.56,4.63,4.25,4.44,151700,0
06/25/1999,16:00,4.56,4.56,4.19,4.56,134200,0
07/02/1999,16:00,4.31,5.00,4.31,4.75,198100,0
07/09/1999,16:00,4.69,4.94,4.13,4.63,137500,0
07/16/1999,16:00,4.63,4.88,4.25,4.50,175000,0
07/23/1999,16:00,4.38,9.00,4.31,6.75,6983500,0
07/30/1999,16:00,6.50,7.38,6.13,6.31,683700,0
08/06/1999,16:00,6.56,6.69,6.25,6.38,380600,0
08/13/1999,16:00,6.25,6.31,5.88,6.19,290000,0
08/20/1999,16:00,6.09,6.09,5.81,6.00,98900,0
08/27/1999,16:00,5.81,6.13,5.63,5.63,129200,0
09/03/1999,16:00,5.63,5.81,4.88,5.63,140300,0
09/10/1999,16:00,5.50,6.25,5.38,5.63,308600,0
09/17/1999,16:00,5.88,7.13,5.88,6.91,586000,0
09/24/1999,16:00,7.03,7.25,6.38,6.75,411700,0
10/01/1999,16:00,6.97,7.19,5.88,6.97,476600,0
10/08/1999,16:00,6.88,7.13,6.63,6.94,268000,0
10/15/1999,16:00,7.13,7.50,6.72,7.00,238500,0
10/22/1999,16:00,7.00,7.00,5.69,6.00,163600,0
10/29/1999,16:00,5.75,6.88,5.56,6.13,314500,0
11/05/1999,16:00,6.06,6.13,5.56,5.69,150600,0
11/12/1999,16:00,5.75,5.88,4.63,5.69,397300,0
11/19/1999,16:00,5.56,5.63,5.00,5.13,124300,0
11/26/1999,16:00,5.44,6.63,4.88,6.63,188500,0
12/03/1999,16:00,6.63,6.63,5.38,6.44,295100,0
12/10/1999,16:00,6.13,8.75,5.25,6.63,1344100,0
12/17/1999,16:00,7.00,8.50,6.00,6.50,758900,0
12/24/1999,16:00,6.75,8.31,6.50,8.00,353700,0
12/31/1999,16:00,8.44,12.13,8.13,10.25,1225800,0
01/07/2000,16:00,10.50,11.69,7.66,11.38,1397300,0
01/14/2000,16:00,11.50,19.00,11.31,18.56,3387400,0
01/21/2000,16:00,18.75,18.75,15.63,18.13,1186500,0
01/28/2000,16:00,18.00,18.25,12.38,13.31,1151900,0
02/04/2000,16:00,12.94,17.06,12.50,16.88,1095100,0
02/11/2000,16:00,17.13,28.00,16.38,25.00,6126500,0
02/18/2000,16:00,24.88,40.38,21.00,36.00,4040700,0
02/25/2000,16:00,34.00,35.00,27.50,32.50,1811300,0
03/03/2000,16:00,32.50,38.13,30.38,32.00,1427900,0
03/10/2000,16:00,32.56,32.75,23.00,28.13,1416600,0
03/17/2000,16:00,26.63,27.50,16.39,21.25,1753800,0
03/24/2000,16:00,22.25,23.00,17.06,20.25,736300,0
03/31/2000,16:00,20.38,21.38,12.50,13.50,736900,0
04/07/2000,16:00,13.06,16.50,9.00,13.00,990300,0
04/14/2000,16:00,14.00,14.00,7.50,8.88,1500000,0
04/21/2000,16:00,8.81,10.13,7.38,8.88,632800,0
04/28/2000,16:00,9.00,11.81,8.50,11.81,279900,0
05/05/2000,16:00,12.88,13.19,9.50,10.44,389500,0
05/12/2000,16:00,10.50,10.50,7.73,8.75,1308600,0
05/19/2000,16:00,8.75,9.80,7.25,7.69,533600,0
05/26/2000,16:00,7.63,7.63,5.75,6.25,673200,0
06/02/2000,16:00,6.25,8.63,6.25,8.13,465100,0
06/09/2000,16:00,8.13,12.19,8.13,11.13,1424800,0
06/16/2000,16:00,11.13,12.38,9.88,10.63,635900,0
06/23/2000,16:00,10.13,14.44,10.00,13.88,1699200,0
06/30/2000,16:00,14.06,20.50,12.50,19.38,3723900,0
07/07/2000,16:00,19.50,25.75,16.63,23.56,2555900,0
07/14/2000,16:00,24.00,24.25,18.00,18.25,1891400,0
07/21/2000,16:00,18.63,23.06,18.50,22.13,1113000,0
07/28/2000,16:00,22.00,22.00,17.38,19.00,901400,0
08/04/2000,16:00,18.94,21.38,16.19,20.88,791800,0
08/11/2000,16:00,20.44,23.50,19.88,20.38,892600,0
08/18/2000,16:00,20.63,22.75,16.63,17.88,582500,0
08/25/2000,16:00,17.88,20.50,17.75,19.00,1079600,0
09/01/2000,16:00,18.75,21.22,18.25,19.50,745600,0
09/08/2000,16:00,19.94,24.13,19.56,20.50,1325500,0
09/15/2000,16:00,20.03,21.13,18.50,20.13,1371000,0
09/22/2000,16:00,20.38,20.38,15.63,19.31,1110100,0
09/29/2000,16:00,19.06,19.13,16.75,17.06,947800,0
10/06/2000,16:00,17.03,17.25,11.88,14.00,3090100,0
10/13/2000,16:00,13.63,20.44,12.75,20.31,1599700,0
10/20/2000,16:00,20.13,24.00,19.00,20.38,1201100,0
10/27/2000,16:00,20.00,27.88,19.50,20.88,1580500,0
11/03/2000,16:00,21.50,28.88,20.81,28.50,1684000,0
11/10/2000,16:00,29.75,32.50,23.50,24.00,1517600,0
11/17/2000,16:00,23.38,27.88,18.81,24.25,4788300,0
11/24/2000,16:00,23.56,25.44,21.75,25.38,1018900,0
12/01/2000,16:00,25.63,29.00,23.38,27.19,2478800,0
12/08/2000,16:00,27.88,34.06,25.38,33.75,2480400,0
12/15/2000,16:00,34.19,35.00,25.00,27.25,1651100,0
12/22/2000,16:00,28.72,31.31,20.06,27.88,2805600,0
12/29/2000,16:00,28.25,32.31,27.13,32.00,2412700,0
01/05/2001,16:00,32.25,32.25,23.06,24.50,971700,0
01/12/2001,16:00,24.44,29.50,21.38,28.88,2125000,0
01/19/2001,16:00,29.50,31.25,24.81,26.06,1482200,0
01/26/2001,16:00,26.31,28.81,23.88,24.13,1278600,0
02/02/2001,16:00,24.16,24.19,18.50,18.72,2339900,0
02/09/2001,16:00,18.41,20.88,17.38,19.38,1408900,0
02/16/2001,16:00,21.81,24.38,19.75,23.16,1648000,0
02/23/2001,16:00,23.03,24.13,16.06,19.63,967900,0
03/02/2001,16:00,20.00,20.56,16.25,17.75,640300,0
03/09/2001,16:00,17.88,18.75,15.13,15.88,3089600,0
03/16/2001,16:00,15.50,15.56,11.75,11.75,1695900,0
03/23/2001,16:00,11.81,12.06,9.56,11.50,2214000,0
03/30/2001,16:00,11.63,13.25,11.13,13.25,1659800,0
04/06/2001,16:00,13.13,13.88,10.63,12.81,1825400,0
04/13/2001,16:00,13.00,15.00,13.00,14.04,553400,0
04/20/2001,16:00,13.95,13.98,12.19,13.18,1053900,0
04/27/2001,16:00,12.97,14.95,12.68,14.08,890100,0
05/04/2001,16:00,14.15,15.50,13.89,14.94,740300,0
05/11/2001,16:00,14.94,17.99,14.94,17.33,1183200,0
05/18/2001,16:00,17.75,19.22,16.85,19.02,936600,0
05/25/2001,16:00,19.03,22.74,16.80,19.55,1384000,0
06/01/2001,16:00,19.17,19.31,15.45,16.89,843700,0
06/08/2001,16:00,17.09,20.40,16.78,19.45,1700200,0
06/15/2001,16:00,19.55,21.00,18.09,20.35,1719600,0
06/22/2001,16:00,20.50,21.19,19.37,20.49,1675300,0
06/29/2001,16:00,20.40,22.00,19.80,21.66,1660600,0
07/06/2001,16:00,20.91,21.80,20.50,21.45,511300,0
07/13/2001,16:00,21.35,21.50,18.04,20.10,938200,0
07/20/2001,16:00,19.95,19.98,17.66,17.94,545900,0
07/27/2001,16:00,17.94,17.99,14.40,14.98,965600,0
08/03/2001,16:00,14.87,15.15,13.91,14.45,609800,0
08/10/2001,16:00,14.44,14.45,13.05,13.25,849400,0
08/17/2001,16:00,13.01,13.18,11.62,12.00,902800,0
08/24/2001,16:00,12.10,13.36,12.04,12.85,732500,0
08/31/2001,16:00,12.83,12.84,11.93,12.18,736500,0
09/07/2001,16:00,12.16,13.40,11.16,11.48,493500,0
09/14/2001,16:00,11.55,11.55,10.24,10.45,242000,0
09/21/2001,16:00,10.18,10.20,7.55,8.21,1208400,0
09/28/2001,16:00,8.10,10.48,7.70,10.45,1723400,0
10/05/2001,16:00,10.15,11.89,8.91,11.35,1453900,0
10/12/2001,16:00,11.10,11.50,9.52,10.71,1044400,0
10/19/2001,16:00,10.86,12.90,10.50,11.28,670000,0
10/26/2001,16:00,11.45,11.91,9.75,9.81,884900,0
11/02/2001,16:00,9.95,10.07,8.24,8.75,1898100,0
11/09/2001,16:00,8.95,9.71,8.65,9.14,2205800,0
11/16/2001,16:00,9.25,9.30,8.41,8.50,1061500,0
11/23/2001,16:00,8.70,11.50,8.50,11.10,1583400,0
11/30/2001,16:00,11.36,12.88,11.12,12.83,3894700,0
12/07/2001,16:00,12.78,13.76,11.60,13.48,2629700,0
12/14/2001,16:00,13.38,13.38,11.79,12.30,1077100,0
12/21/2001,16:00,12.28,16.95,12.17,15.95,3607800,0
12/28/2001,16:00,15.85,19.09,15.85,17.78,2652800,0
01/04/2002,16:00,18.19,18.19,15.27,16.16,1877400,0
01/11/2002,16:00,16.45,17.00,14.45,14.45,2203200,0
01/18/2002,16:00,14.51,15.48,14.06,14.47,1104700,0
01/25/2002,16:00,14.65,14.99,13.20,13.61,795700,0
02/01/2002,16:00,13.61,14.25,11.88,13.32,1657700,0
02/08/2002,16:00,13.45,13.47,10.56,11.86,1197200,0
02/15/2002,16:00,12.07,13.30,11.04,12.46,795400,0
02/22/2002,16:00,12.22,12.47,11.35,12.00,627800,0
03/01/2002,16:00,11.99,12.75,11.27,11.87,728800,0
03/08/2002,16:00,11.70,13.20,11.70,12.68,689300,0
03/15/2002,16:00,12.91,12.99,11.55,12.04,576800,0
03/22/2002,16:00,12.04,12.89,10.95,12.44,807600,0
03/29/2002,16:00,12.46,12.90,12.01,12.63,528700,0
04/05/2002,16:00,12.63,12.70,10.40,10.48,604800,0
04/12/2002,16:00,10.36,11.24,10.06,11.05,671600,0
04/19/2002,16:00,11.00,11.79,10.64,10.74,773500,0
04/26/2002,16:00,10.62,10.62,8.50,8.60,886200,0
05/03/2002,16:00,8.55,9.79,7.65,9.30,867000,0
05/10/2002,16:00,9.40,9.93,8.37,8.51,577000,0
05/17/2002,16:00,8.85,9.30,8.10,8.68,581400,0
05/24/2002,16:00,8.62,9.24,7.83,8.15,735300,0
05/31/2002,16:00,8.44,8.98,8.05,8.63,279300,0
06/07/2002,16:00,8.89,8.97,6.33,7.00,763700,0
06/14/2002,16:00,7.00,7.48,5.32,6.00,780000,0
06/21/2002,16:00,6.00,6.65,5.35,5.81,1084700,0
06/28/2002,16:00,5.81,6.93,5.64,6.75,1055600,0
07/05/2002,16:00,6.61,6.90,5.80,6.50,558300,0
07/12/2002,16:00,6.60,6.96,5.82,6.37,387000,0
07/19/2002,16:00,6.44,7.51,6.37,6.95,656200,0
07/26/2002,16:00,6.88,7.40,5.42,6.30,859172,0
08/02/2002,16:00,6.14,7.20,5.56,5.82,821770,0
08/09/2002,16:00,5.80,6.24,5.35,5.79,500065,0
08/16/2002,16:00,5.79,6.20,5.50,5.73,364247,0
08/23/2002,16:00,5.73,6.33,5.61,6.15,518429,0
08/30/2002,16:00,6.24,6.68,5.94,6.35,391195,0
09/06/2002,16:00,6.30,6.52,5.85,6.37,277506,0
09/13/2002,16:00,6.31,7.07,6.15,6.62,278049,0
09/20/2002,16:00,6.61,7.00,6.18,6.47,514976,0
09/27/2002,16:00,6.30,6.31,4.90,5.02,839745,0
10/04/2002,16:00,5.04,5.64,4.71,4.98,324666,0
10/11/2002,16:00,4.98,5.00,3.84,4.05,356936,0
10/18/2002,16:00,4.04,4.95,3.83,4.90,459698,0
10/25/2002,16:00,4.91,6.25,4.72,6.25,372688,0
11/01/2002,16:00,6.27,6.35,5.30,5.85,307715,0
11/08/2002,16:00,5.85,6.50,5.72,6.26,241970,0
11/15/2002,16:00,6.23,6.26,5.00,5.12,219895,0
11/22/2002,16:00,5.05,5.85,4.55,5.51,443802,0
11/29/2002,16:00,5.52,6.10,5.52,5.90,429144,0
12/06/2002,16:00,5.99,6.49,5.50,5.97,419902,0
12/13/2002,16:00,6.05,6.05,3.21,3.31,1787538,0
12/20/2002,16:00,3.39,3.48,3.02,3.06,1355408,0
12/27/2002,16:00,3.10,3.40,3.00,3.21,511216,0
01/03/2003,16:00,3.24,3.38,2.95,3.02,893040,0
01/10/2003,16:00,3.11,3.11,2.90,3.04,1303269,0
01/17/2003,16:00,3.14,3.20,3.00,3.04,626812,0
01/24/2003,16:00,3.08,3.15,2.97,3.00,378056,0
01/31/2003,16:00,2.97,3.11,2.90,3.08,698255,0
02/07/2003,16:00,3.05,3.05,2.78,2.83,711454,0
02/14/2003,16:00,2.80,2.89,2.34,2.43,628493,0
02/21/2003,16:00,2.38,2.42,2.10,2.25,431903,0
02/28/2003,16:00,2.20,3.01,2.14,2.37,1362277,0
03/07/2003,16:00,2.35,2.55,1.97,2.13,417528,0
03/14/2003,16:00,1.96,2.20,1.92,2.08,451324,0
03/21/2003,16:00,2.03,2.48,2.03,2.20,691000,0
03/28/2003,16:00,2.22,2.75,2.05,2.50,600860,0
04/04/2003,16:00,2.49,3.00,2.22,2.78,958944,0
04/11/2003,16:00,2.85,2.99,2.51,2.59,382626,0
04/18/2003,16:00,2.43,3.65,2.43,3.40,898283,0
04/25/2003,16:00,3.45,3.92,3.00,3.81,718851,0
05/02/2003,16:00,3.90,4.34,3.63,3.80,765670,0
05/09/2003,16:00,3.80,3.90,3.50,3.70,692350,0
05/16/2003,16:00,3.76,4.17,3.57,3.92,821565,0
05/23/2003,16:00,3.94,4.20,3.47,3.75,592000,0
05/30/2003,16:00,3.74,4.64,3.74,4.28,1024110,0
06/06/2003,16:00,4.30,5.49,4.28,5.13,1548990,0
06/13/2003,16:00,5.00,5.50,4.71,5.15,911093,0
06/20/2003,16:00,5.19,5.38,3.95,4.17,1339371,0
06/27/2003,16:00,4.21,4.40,3.69,3.95,979226,0
07/04/2003,16:00,3.94,4.65,3.94,4.42,1552962,0
07/11/2003,16:00,4.58,4.59,3.98,4.22,497829,0
07/18/2003,16:00,4.17,4.36,3.74,4.00,545297,0
07/25/2003,16:00,4.06,4.22,3.80,4.00,407217,0
08/01/2003,16:00,4.02,4.37,4.00,4.33,584689,0
08/08/2003,16:00,4.37,4.37,3.77,3.80,499766,0
08/15/2003,16:00,3.89,4.18,3.73,4.00,181067,0
08/22/2003,16:00,3.99,4.22,3.94,4.05,282886,0
08/29/2003,16:00,4.10,4.19,3.98,4.11,759728,0
09/05/2003,16:00,4.14,4.94,4.00,4.60,932099,0
09/12/2003,16:00,4.66,4.94,4.05,4.22,1754386,0
09/19/2003,16:00,4.55,4.73,4.30,4.57,1446462,0
09/26/2003,16:00,4.65,4.70,4.14,4.20,1649676,0
10/03/2003,16:00,4.21,4.80,4.13,4.55,1170045,0
10/10/2003,16:00,4.65,5.50,4.45,5.46,1355833,0
10/17/2003,16:00,5.33,5.76,5.19,5.43,1316263,0
10/24/2003,16:00,5.25,5.44,4.40,5.05,1164565,0
10/31/2003,16:00,5.18,5.32,4.95,5.20,920206,0
11/07/2003,16:00,5.26,5.26,4.90,4.95,540529,0
11/14/2003,16:00,4.97,5.20,4.68,4.68,714551,0
11/21/2003,16:00,4.67,4.90,4.36,4.74,530606,0
11/28/2003,16:00,4.70,5.10,4.65,4.92,354682,0
12/05/2003,16:00,5.12,5.20,4.80,4.87,642645,0
12/12/2003,16:00,4.82,4.89,4.42,4.61,589585,0
12/19/2003,16:00,4.84,4.84,4.35,4.71,682177,0
12/26/2003,16:00,4.73,5.07,4.70,5.01,457991,0
01/02/2004,16:00,4.99,5.09,4.85,5.01,487949,0
01/09/2004,16:00,4.99,5.97,4.92,5.62,1949159,0
01/16/2004,16:00,5.63,5.87,5.28,5.73,1188641,0
01/23/2004,16:00,5.81,6.34,5.65,6.01,1882293,0
01/30/2004,16:00,6.03,7.00,6.01,6.47,2133780,0
02/06/2004,16:00,6.68,6.95,5.51,6.19,1185153,0
02/13/2004,16:00,6.20,6.29,5.64,5.70,1035207,0
02/20/2004,16:00,5.94,6.30,5.54,6.01,1116524,0
02/27/2004,16:00,6.00,6.10,4.98,5.40,1066609,0
03/05/2004,16:00,5.55,6.29,5.45,6.17,847291,0
03/12/2004,16:00,6.33,6.35,5.45,5.86,1396916,0
03/19/2004,16:00,5.78,5.82,5.07,5.42,1000773,0
03/26/2004,16:00,5.26,5.50,5.00,5.46,707374,0
04/02/2004,16:00,5.34,7.40,5.33,6.90,3455272,0
04/09/2004,16:00,6.87,7.97,6.62,7.19,2711981,0
04/16/2004,16:00,7.33,7.50,6.60,7.09,1111053,0
04/23/2004,16:00,7.11,7.50,6.27,7.00,1217029,0
04/30/2004,16:00,7.00,7.85,6.64,6.69,1338878,0
05/07/2004,16:00,6.62,6.87,6.29,6.33,908040,0
05/14/2004,16:00,6.20,6.40,5.73,5.97,948125,0
05/21/2004,16:00,6.05,6.15,5.60,5.81,556894,0
05/28/2004,16:00,5.82,6.37,5.72,5.80,745584,0
06/04/2004,16:00,5.97,6.00,5.60,5.82,553577,0
06/11/2004,16:00,5.71,5.91,5.09,5.14,609127,0
06/18/2004,16:00,5.10,5.58,5.09,5.44,764043,0
06/25/2004,16:00,5.40,5.49,5.16,5.16,515748,0
07/02/2004,16:00,5.20,5.38,4.92,5.20,517013,0
07/09/2004,16:00,5.17,5.20,4.40,4.45,528278,0
07/16/2004,16:00,4.42,4.50,4.01,4.08,474401,0
07/23/2004,16:00,4.09,4.50,3.96,4.15,867480,0
07/30/2004,16:00,4.16,4.43,4.06,4.27,594945,0
08/06/2004,16:00,4.31,4.32,4.01,4.01,706517,0
08/13/2004,16:00,4.00,4.13,3.84,3.88,608503,0
08/20/2004,16:00,3.85,4.96,3.85,4.96,693936,0
08/27/2004,16:00,4.97,5.00,4.51,4.82,425258,0
09/03/2004,16:00,4.70,4.99,4.52,4.85,370285,0
09/10/2004,16:00,4.77,4.83,4.32,4.38,360556,0
09/17/2004,16:00,4.38,4.69,4.37,4.69,332162,0
09/24/2004,16:00,4.60,4.96,4.52,4.71,424219,0
10/01/2004,16:00,4.75,4.99,4.41,4.63,688783,0
10/08/2004,16:00,4.64,4.70,4.12,4.16,787726,0
10/15/2004,16:00,4.12,4.37,4.07,4.09,1387313,0
10/22/2004,16:00,4.15,4.25,3.95,3.99,422865,0
10/29/2004,16:00,3.97,4.57,3.94,4.50,535234,0
11/05/2004,16:00,4.50,5.28,4.27,5.16,697352,0
11/12/2004,16:00,5.38,5.45,5.00,5.20,659767,0
11/19/2004,16:00,5.24,5.82,5.02,5.70,608854,0
11/26/2004,16:00,5.66,5.84,5.32,5.41,253834,0
12/03/2004,16:00,5.41,5.94,5.40,5.50,460327,0
12/10/2004,16:00,5.50,5.77,5.25,5.49,407433,0
12/17/2004,16:00,5.49,5.62,5.25,5.52,472854,0
12/24/2004,16:00,5.50,5.59,5.28,5.45,354897,0
12/31/2004,16:00,5.35,5.85,5.31,5.79,484766,0
01/07/2005,16:00,5.87,6.75,5.83,6.41,1609962,0
01/14/2005,16:00,6.55,6.75,6.04,6.28,722644,0
01/21/2005,16:00,6.30,6.60,6.15,6.23,567891,0
01/28/2005,16:00,6.30,6.35,5.51,5.88,1672078,0
02/04/2005,16:00,6.10,6.53,5.90,6.27,1560699,0
02/11/2005,16:00,6.31,6.45,5.80,5.81,865296,0
02/18/2005,16:00,5.66,5.89,4.95,4.98,1166090,0
02/25/2005,16:00,5.08,5.08,4.56,5.00,1039410,0
03/04/2005,16:00,4.96,5.05,4.73,4.81,816170,0
03/11/2005,16:00,4.90,5.01,4.61,4.77,738247,0
03/18/2005,16:00,4.89,5.01,4.63,4.66,663528,0
03/25/2005,16:00,4.65,5.00,4.60,4.73,428135,0
04/01/2005,16:00,4.85,4.86,4.62,4.77,511357,0
04/08/2005,16:00,4.75,5.50,4.75,5.39,838520,0
04/15/2005,16:00,5.45,5.45,5.05,5.10,594078,0
04/22/2005,16:00,5.14,5.40,5.01,5.26,694222,0
04/29/2005,16:00,5.35,5.49,5.13,5.25,713250,0
05/06/2005,16:00,5.40,6.04,5.25,5.89,778442,0
05/13/2005,16:00,5.80,6.44,5.69,6.28,751201,0
05/20/2005,16:00,6.39,6.39,5.65,6.16,598115,0
05/27/2005,16:00,6.01,6.65,5.98,6.46,1011898,0
06/03/2005,16:00,6.50,6.56,6.11,6.23,459035,0
06/10/2005,16:00,6.15,6.46,5.76,6.36,415507,0
06/17/2005,16:00,6.40,6.60,6.30,6.38,623770,0
06/24/2005,16:00,6.30,6.86,6.29,6.58,3256757,0
07/01/2005,16:00,6.45,6.60,6.29,6.47,924391,0
07/08/2005,16:00,6.50,6.61,6.38,6.60,481957,0
07/15/2005,16:00,6.60,6.73,6.30,6.54,820875,0
07/22/2005,16:00,7.05,8.29,6.64,7.40,4477935,0
07/29/2005,16:00,7.40,7.70,7.10,7.59,1019533,0
08/05/2005,16:00,7.65,8.25,7.32,7.44,1245635,0
08/12/2005,16:00,7.50,7.50,6.98,7.17,821337,0
08/19/2005,16:00,7.21,7.40,6.75,6.77,890040,0
08/26/2005,16:00,6.80,7.35,6.80,7.22,636600,0
09/02/2005,16:00,7.15,7.89,7.04,7.74,701679,0
09/09/2005,16:00,7.75,7.84,7.45,7.70,478594,0
09/16/2005,16:00,7.74,7.99,7.56,7.95,1253397,0
09/23/2005,16:00,7.95,8.43,7.83,8.22,1139991,0
09/30/2005,16:00,8.22,8.40,7.70,7.83,1037129,0
10/07/2005,16:00,7.83,7.90,6.65,6.95,984767,0
10/14/2005,16:00,7.00,7.29,6.35,7.24,863577,0
10/21/2005,16:00,7.26,7.34,6.70,7.00,550676,0
10/28/2005,16:00,6.97,7.58,6.59,7.15,548899,0
11/04/2005,16:00,7.15,7.39,7.00,7.30,636678,0
11/11/2005,16:00,7.36,7.40,6.85,7.20,376587,0
11/18/2005,16:00,7.14,7.19,6.75,6.86,459109,0
11/25/2005,16:00,6.80,6.98,6.61,6.82,256891,0
12/02/2005,16:00,6.79,7.29,6.59,7.17,537119,0
12/09/2005,16:00,7.22,7.28,6.95,7.21,328390,0
12/16/2005,16:00,7.18,7.25,6.50,6.61,933361,0
12/23/2005,16:00,6.60,6.69,6.05,6.25,766093,0
12/30/2005,16:00,6.22,6.39,6.08,6.12,397867,0
01/06/2006,16:00,6.14,6.28,5.96,6.07,995230,0
01/13/2006,16:00,6.01,6.13,5.33,5.46,886136,0
01/20/2006,16:00,5.46,5.83,5.33,5.39,896385,0
01/27/2006,16:00,5.40,5.51,5.18,5.47,616804,0
02/03/2006,16:00,5.50,5.60,5.17,5.47,673593,0
02/10/2006,16:00,5.44,5.45,5.04,5.17,737385,0
02/17/2006,16:00,5.11,5.97,5.11,5.75,874316,0
02/24/2006,16:00,5.80,5.88,5.05,5.23,832524,0
03/03/2006,16:00,5.28,5.94,5.20,5.20,1001027,0
03/10/2006,16:00,5.24,5.47,5.03,5.29,921011,0
03/17/2006,16:00,5.35,5.58,5.07,5.49,832209,0
03/24/2006,16:00,5.46,5.48,5.05,5.30,719955,0
03/31/2006,16:00,5.27,5.76,5.18,5.74,915910,0
04/07/2006,16:00,5.73,6.38,5.61,6.31,1533455,0
04/14/2006,16:00,6.31,6.37,5.83,6.07,989550,0
04/21/2006,16:00,6.04,6.41,6.01,6.14,575250,0
04/28/2006,16:00,6.12,6.29,5.71,6.19,681194,0
05/05/2006,16:00,6.20,6.36,5.70,6.03,701261,0
05/12/2006,16:00,6.03,6.17,5.39,5.39,585724,0
05/19/2006,16:00,5.35,6.05,5.00,5.19,792555,0
05/26/2006,16:00,5.14,5.61,4.74,5.48,821486,0
06/02/2006,16:00,5.46,5.85,5.31,5.62,783096,0
06/09/2006,16:00,5.57,5.66,4.84,5.00,1288850,0
06/16/2006,16:00,4.99,5.00,4.43,4.70,1302317,0
06/23/2006,16:00,4.75,4.94,4.21,4.27,895624,0
06/30/2006,16:00,4.27,5.64,4.01,5.64,4695877,0
07/07/2006,16:00,5.47,5.76,4.99,5.62,1160382,0
07/14/2006,16:00,5.85,5.85,5.05,5.13,721859,0
07/21/2006,16:00,5.10,5.14,4.71,4.83,576220,0
07/28/2006,16:00,4.84,5.33,4.77,5.03,677868,0
08/04/2006,16:00,5.06,5.48,5.00,5.35,598427,0
08/11/2006,16:00,5.38,5.43,4.91,5.19,495679,0
08/18/2006,16:00,5.24,5.26,4.69,5.25,367508,0
08/25/2006,16:00,5.24,5.24,4.88,4.95,311302,0
09/01/2006,16:00,4.92,5.21,4.92,5.13,558548,0
09/08/2006,16:00,5.11,5.19,4.61,4.85,416868,0
09/15/2006,16:00,4.83,4.88,4.22,4.47,1559150,0
09/22/2006,16:00,4.47,4.74,3.99,4.31,2047261,0
09/29/2006,16:00,4.30,4.40,4.15,4.21,564486,0
10/06/2006,16:00,4.24,4.61,4.18,4.60,430439,0
10/13/2006,16:00,4.56,4.59,4.25,4.28,344021,0
10/20/2006,16:00,4.31,4.31,4.11,4.17,489338,0
10/27/2006,16:00,4.12,4.36,4.05,4.23,684398,0
11/03/2006,16:00,4.23,4.29,3.83,4.00,752209,0
11/10/2006,16:00,4.00,4.59,3.92,4.51,904884,0
11/17/2006,16:00,4.53,5.04,4.53,4.98,1164713,0
11/24/2006,16:00,5.00,5.11,4.63,4.71,586571,0
12/01/2006,16:00,4.71,5.34,4.60,5.31,921914,0
12/08/2006,16:00,5.30,7.09,5.22,6.53,2848508,0
12/15/2006,16:00,6.50,6.54,5.85,5.90,1201425,0
12/22/2006,16:00,5.90,6.10,5.75,5.96,753181,0
12/29/2006,16:00,5.95,6.04,5.75,5.92,459302,0
01/05/2007,16:00,5.94,6.43,5.94,6.27,1075967,0
01/12/2007,16:00,6.30,6.40,5.97,6.20,1028330,0
01/19/2007,16:00,6.15,6.33,6.11,6.30,537432,0
01/26/2007,16:00,6.33,6.70,6.04,6.17,918524,0
02/02/2007,16:00,6.10,6.62,5.78,6.62,2692512,0
02/09/2007,16:00,6.59,6.74,6.26,6.50,803806,0
02/16/2007,16:00,6.52,6.91,6.35,6.81,698245,0
02/23/2007,16:00,6.83,6.95,6.52,6.78,559195,0
03/02/2007,16:00,6.80,6.90,6.03,6.12,716697,0
03/09/2007,16:00,6.07,6.85,5.86,6.62,690373,0
03/16/2007,16:00,6.59,6.75,6.14,6.70,524147,0
03/23/2007,16:00,6.73,7.43,6.67,7.41,691229,0
03/30/2007,16:00,7.44,7.72,7.24,7.46,658333,0
04/06/2007,16:00,7.44,8.00,7.26,7.92,876743,0
04/13/2007,16:00,7.97,8.98,7.85,8.49,2684424,0
04/20/2007,16:00,8.50,9.09,8.50,8.98,1917362,0
04/27/2007,16:00,9.08,9.90,8.65,9.45,2356275,0
05/04/2007,16:00,9.41,10.59,8.60,9.57,2181136,0
05/11/2007,16:00,9.60,9.65,8.45,8.60,1327429,0
05/18/2007,16:00,8.59,9.07,8.39,9.02,2005526,0
05/25/2007,16:00,9.05,9.69,8.92,9.12,1884447,0
06/01/2007,16:00,9.10,9.48,8.77,9.09,1495410,0
06/08/2007,16:00,9.31,9.31,7.45,7.99,3275187,0
06/15/2007,16:00,7.99,8.24,7.50,7.95,4082655,0
06/22/2007,16:00,7.91,8.00,7.00,7.00,6698457,0
06/29/2007,16:00,7.02,7.45,6.85,7.05,2599103,0
07/06/2007,16:00,7.09,7.25,6.93,6.97,1631484,0
07/13/2007,16:00,6.95,7.27,6.75,7.26,1533970,0
07/20/2007,16:00,7.22,7.32,6.86,6.96,1499203,0
07/27/2007,16:00,6.98,6.98,6.01,6.12,2432885,0
08/03/2007,16:00,6.12,6.32,5.47,5.60,3551608,0
08/10/2007,16:00,5.69,6.80,5.52,6.30,3110793,0
08/17/2007,16:00,6.34,6.59,5.92,6.35,1767819,0
08/24/2007,16:00,6.39,7.60,6.31,7.43,1764631,0
08/31/2007,16:00,7.62,8.25,7.43,8.20,3309422,0
09/07/2007,16:00,8.14,8.23,7.76,7.81,1211421,0
09/14/2007,16:00,7.84,7.85,7.41,7.74,1047124,0
09/21/2007,16:00,7.74,8.00,7.31,7.84,1393931,0
09/28/2007,16:00,7.81,7.92,7.06,7.13,1248902,0
10/05/2007,16:00,7.15,7.97,7.14,7.97,1054119,0
10/12/2007,16:00,7.93,8.08,7.58,7.64,945371,0
10/19/2007,16:00,7.68,8.34,7.59,7.59,1305621,0
10/26/2007,16:00,7.55,8.15,7.33,8.00,1020244,0
11/02/2007,16:00,8.00,8.05,7.45,7.75,1105150,0
11/09/2007,16:00,7.69,7.84,6.81,7.07,1809974,0
11/16/2007,16:00,7.08,7.38,6.95,7.20,971854,0
11/23/2007,16:00,7.12,7.16,6.77,6.90,629617,0
11/30/2007,16:00,6.88,7.47,6.35,6.49,2164062,0
12/07/2007,16:00,6.49,6.77,6.31,6.51,1490600,0
12/14/2007,16:00,6.50,6.63,6.00,6.05,2564209,0
12/21/2007,16:00,6.00,6.17,5.60,6.04,1636489,0
12/28/2007,16:00,5.98,6.21,5.72,5.75,887206,0
01/04/2008,16:00,5.69,6.09,5.63,5.80,1079208,0
01/11/2008,16:00,5.84,5.90,4.04,4.51,7558354,0
01/18/2008,16:00,4.51,5.03,4.40,4.93,2834368,0
01/25/2008,16:00,4.82,4.93,4.44,4.64,1151086,0
02/01/2008,16:00,4.66,5.25,4.57,5.12,2830545,0
02/08/2008,16:00,5.09,5.43,4.70,4.98,2938560,0
02/15/2008,16:00,4.97,5.62,4.80,5.17,3391802,0
02/22/2008,16:00,5.23,5.30,4.68,4.69,2042996,0
02/29/2008,16:00,4.70,5.15,4.50,4.56,1271543,0
03/07/2008,16:00,4.58,4.67,4.14,4.32,930206,0
03/14/2008,16:00,4.33,4.36,3.53,3.84,5295480,0
03/21/2008,16:00,3.80,4.76,3.63,4.04,1943837,0
03/28/2008,16:00,4.04,4.80,4.04,4.35,1929318,0
04/04/2008,16:00,4.37,4.49,4.17,4.30,1491560,0
04/11/2008,16:00,4.26,4.41,3.73,3.86,1383622,0
04/18/2008,16:00,3.89,4.09,3.73,3.75,1302820,0
04/25/2008,16:00,3.77,4.14,3.48,3.86,1377437,0
05/02/2008,16:00,3.84,4.00,3.67,3.96,1121826,0
05/09/2008,16:00,4.00,4.00,3.65,3.92,1197985,0
05/16/2008,16:00,3.94,4.55,3.90,4.00,2332342,0
05/23/2008,16:00,3.96,4.29,3.80,3.98,1226280,0
05/30/2008,16:00,3.99,4.35,3.74,4.28,1598932,0
06/06/2008,16:00,4.28,4.49,3.96,4.14,1807117,0
06/13/2008,16:00,4.12,4.20,3.58,3.86,1007906,0
06/20/2008,16:00,3.86,4.19,3.80,3.97,1017721,0
06/27/2008,16:00,3.98,4.04,3.39,3.40,1051104,0
07/04/2008,16:00,3.39,3.51,3.03,3.10,692652,0
07/11/2008,16:00,3.15,3.78,3.06,3.78,988741,0
07/18/2008,16:00,3.79,4.06,3.41,3.91,918164,0
07/25/2008,16:00,3.93,4.02,3.70,3.83,1027926,0
08/01/2008,16:00,3.83,3.99,3.69,3.81,750151,0
08/08/2008,16:00,3.83,3.90,3.23,3.56,793333,0
08/15/2008,16:00,3.59,3.85,3.27,3.53,953392,0
08/22/2008,16:00,3.54,3.85,3.42,3.59,750091,0
08/29/2008,16:00,3.60,3.67,3.29,3.52,715546,0
09/05/2008,16:00,3.57,3.77,3.27,3.61,874149,0
09/12/2008,16:00,3.74,3.74,3.35,3.45,550635,0
09/19/2008,16:00,3.36,3.49,2.30,3.01,2838741,0
09/26/2008,16:00,3.08,3.30,2.85,3.20,1171913,0
10/03/2008,16:00,3.15,3.51,2.42,2.65,1359494,0
10/10/2008,16:00,2.60,3.05,1.75,2.90,2161721,0
10/17/2008,16:00,2.92,3.15,2.35,2.45,1477992,0
10/24/2008,16:00,2.51,2.73,2.01,2.06,962287,0
10/31/2008,16:00,2.07,2.81,1.78,2.76,1756078,0
11/07/2008,16:00,2.54,3.00,2.43,2.49,622277,0
11/14/2008,16:00,2.99,3.12,2.11,2.87,4313563,0
11/21/2008,16:00,2.85,3.08,2.22,2.86,2062661,0
11/28/2008,16:00,2.85,3.47,2.71,3.39,935254,0
12/05/2008,16:00,3.29,3.47,2.97,3.37,1517398,0
12/12/2008,16:00,3.41,3.80,3.25,3.69,1364423,0
12/19/2008,16:00,3.70,4.70,3.50,4.33,1511651,0
12/26/2008,16:00,4.43,4.48,4.00,4.23,458555,0
01/02/2009,16:00,4.24,4.43,4.00,4.11,547892,0
01/09/2009,16:00,4.12,4.47,3.96,4.12,632905,0
01/16/2009,16:00,4.10,4.29,3.44,3.93,651565,0
01/23/2009,16:00,3.88,4.11,3.40,3.91,457053,0
01/30/2009,16:00,3.91,4.20,3.72,3.95,544708,0
02/06/2009,16:00,3.91,4.47,3.85,4.43,757527,0
02/13/2009,16:00,4.44,4.91,4.18,4.22,567658,0
02/20/2009,16:00,4.17,4.20,3.47,3.54,475891,0
02/27/2009,16:00,3.70,3.84,2.99,3.14,806630,0
03/06/2009,16:00,3.07,3.15,2.62,3.00,679994,0
03/13/2009,16:00,2.98,3.65,2.91,3.39,634055,0
03/20/2009,16:00,3.44,4.10,3.38,3.86,636834,0
03/27/2009,16:00,3.92,4.71,3.86,4.39,857256,0
04/03/2009,16:00,4.27,4.59,4.00,4.43,830344,0
04/10/2009,16:00,4.26,4.75,3.94,4.75,570172,0
04/17/2009,16:00,4.66,4.77,4.12,4.50,632148,0
04/24/2009,16:00,4.37,4.49,3.86,4.13,740935,0
05/01/2009,16:00,4.05,4.60,3.85,4.15,576854,0
05/08/2009,16:00,4.18,4.45,3.76,4.08,695227,0
05/15/2009,16:00,3.99,4.26,3.71,3.92,584200,0
05/22/2009,16:00,3.99,4.67,3.86,4.11,663495,0
05/29/2009,16:00,4.02,4.97,4.01,4.97,1161596,0
06/05/2009,16:00,5.00,5.47,4.70,5.47,1248222,0
06/12/2009,16:00,5.42,5.80,5.39,5.68,775516,0
06/19/2009,16:00,5.54,5.79,5.44,5.48,1176936,0
06/26/2009,16:00,5.44,6.38,5.25,6.34,2027137,0
07/03/2009,16:00,6.30,6.35,5.81,6.04,1348434,0
07/10/2009,16:00,5.95,6.12,5.47,5.76,1091353,0
07/17/2009,16:00,5.81,6.04,5.38,5.61,827313,0
07/24/2009,16:00,5.66,5.82,5.11,5.82,1021969,0
07/31/2009,16:00,5.79,6.25,5.60,6.12,755439,0
08/07/2009,16:00,6.18,6.19,5.40,5.80,474796,0
08/14/2009,16:00,5.75,5.98,5.32,5.57,463568,0
08/21/2009,16:00,5.46,6.07,5.24,5.98,599235,0
08/28/2009,16:00,5.98,6.03,5.51,5.54,340136,0
09/04/2009,16:00,5.50,5.56,5.26,5.56,484797,0
09/11/2009,16:00,5.60,5.60,5.31,5.41,532587,0
09/18/2009,16:00,5.39,5.70,5.10,5.23,6403782,0
09/25/2009,16:00,5.26,5.31,4.71,4.80,1056657,0
10/02/2009,16:00,4.85,4.95,4.10,4.33,2038046,0
10/09/2009,16:00,4.35,4.48,4.17,4.22,1044912,0
10/16/2009,16:00,4.29,4.65,4.10,4.22,1414862,0
10/23/2009,16:00,4.24,4.35,3.65,3.65,935157,0
10/30/2009,16:00,3.67,3.81,3.28,3.35,957907,0
11/06/2009,16:00,3.39,3.52,3.19,3.45,906203,0
11/13/2009,16:00,3.50,3.60,3.33,3.39,970828,0
11/20/2009,16:00,3.44,3.51,3.17,3.30,702373,0
11/27/2009,16:00,3.41,3.59,3.24,3.45,754289,0
12/04/2009,16:00,3.44,4.00,3.33,3.95,877614,0
12/11/2009,16:00,3.94,3.99,3.82,3.93,572477,0
12/18/2009,16:00,3.94,4.19,3.44,3.50,1035725,0
12/25/2009,16:00,3.42,3.76,3.42,3.67,374531,0
01/01/2010,16:00,3.68,3.86,3.53,3.69,422160,0
01/08/2010,16:00,3.75,3.96,3.58,3.69,1134760,0
01/15/2010,16:00,3.73,3.89,3.52,3.56,737457,0
01/22/2010,16:00,3.58,3.65,3.17,3.18,948289,0
01/29/2010,16:00,3.20,3.33,3.06,3.23,1482138,0
02/05/2010,16:00,3.26,3.28,2.97,3.13,928966,0
02/12/2010,16:00,3.13,3.45,3.01,3.28,915431,0
02/19/2010,16:00,3.30,3.39,3.19,3.22,463555,0
02/26/2010,16:00,3.22,3.43,3.21,3.29,529994,0
03/05/2010,16:00,3.31,3.60,3.31,3.55,631409,0
03/12/2010,16:00,3.56,3.80,3.46,3.72,588341,0
03/19/2010,16:00,3.75,3.80,3.25,3.36,829020,0
03/26/2010,16:00,3.34,3.80,3.33,3.41,749405,0
04/02/2010,16:00,3.43,7.49,3.28,5.79,52808451,0
04/09/2010,16:00,5.91,6.50,5.85,6.34,8978842,0
04/16/2010,16:00,6.20,6.36,6.16,6.18,2448031,0
04/23/2010,16:00,6.16,6.78,5.94,6.67,2281422,0
04/30/2010,16:00,6.71,6.85,6.32,6.37,2437792,0
05/07/2010,16:00,6.38,6.69,4.50,5.25,3708390,0
05/14/2010,16:00,5.55,6.23,5.42,5.87,2083652,0
05/21/2010,16:00,5.90,6.30,5.40,5.77,2571083,0
05/28/2010,16:00,5.77,6.18,5.36,6.11,2558420,0
06/04/2010,16:00,6.01,6.08,5.55,5.61,1854746,0
06/11/2010,16:00,5.70,5.71,4.52,5.00,3833681,0
06/18/2010,16:00,5.09,5.30,4.74,5.25,1512819,0
06/25/2010,16:00,5.31,5.31,4.70,4.83,2970979,0
07/02/2010,16:00,4.85,5.06,4.00,4.06,1569203,0
07/09/2010,16:00,4.13,4.40,3.75,4.00,1554322,0
07/16/2010,16:00,3.99,4.34,3.84,3.95,1316738,0
07/23/2010,16:00,3.97,4.35,3.92,4.31,1246803,0
07/30/2010,16:00,4.33,4.70,4.04,4.27,1044262,0
08/06/2010,16:00,4.41,4.50,4.17,4.27,641978,0
08/13/2010,16:00,4.32,4.44,3.92,4.12,963203,0
08/20/2010,16:00,4.07,4.39,3.91,4.03,636713,0
08/27/2010,16:00,4.05,5.40,3.92,5.27,2502144,0
09/03/2010,16:00,5.22,5.53,4.90,5.40,4493325,0
09/10/2010,16:00,5.39,5.70,5.09,5.41,1093936,0
09/17/2010,16:00,5.50,5.72,5.19,5.25,2438468,0
09/24/2010,16:00,5.25,5.43,5.05,5.35,1306509,0
10/01/2010,16:00,5.35,5.35,5.00,5.09,1665300,0
10/08/2010,16:00,5.11,5.28,4.91,5.04,1898425,0
10/15/2010,16:00,5.29,5.47,5.07,5.45,1692429,0
10/22/2010,16:00,5.48,5.90,5.43,5.81,1413636,0
10/29/2010,16:00,5.84,5.96,5.50,5.52,760430,0
11/05/2010,16:00,5.53,5.69,5.21,5.60,785721,0
11/12/2010,16:00,5.60,5.60,5.25,5.37,808243,0
11/19/2010,16:00,5.41,5.52,5.08,5.40,776974,0
11/26/2010,16:00,5.35,5.54,5.11,5.30,461148,0
12/03/2010,16:00,5.24,5.60,5.24,5.58,691954,0
12/10/2010,16:00,5.55,5.93,5.50,5.92,989696,0
12/17/2010,16:00,5.92,5.92,5.53,5.84,1806094,0
12/24/2010,16:00,5.86,6.27,5.66,5.77,943611,0
12/31/2010,16:00,5.73,6.09,5.69,5.87,654017,0
01/07/2011,16:00,5.94,6.14,5.75,6.05,736592,0
01/14/2011,16:00,5.99,6.83,5.97,6.82,948713,0
01/21/2011,16:00,6.76,7.01,6.40,6.86,3190543,0
01/28/2011,16:00,6.88,6.95,6.15,6.32,2093132,0
02/04/2011,16:00,6.35,6.41,5.98,6.39,1729142,0
02/11/2011,16:00,6.40,6.80,6.37,6.63,991336,0
02/18/2011,16:00,6.61,6.82,6.20,6.25,937775,0
02/25/2011,16:00,6.15,6.56,5.95,6.50,814682,0
03/04/2011,16:00,6.54,6.54,6.10,6.48,1272598,0
03/11/2011,16:00,6.50,6.50,6.14,6.20,1305105,0
03/18/2011,16:00,6.10,6.55,6.01,6.55,1294636,0
03/25/2011,16:00,6.60,6.70,6.39,6.52,743580,0
04/01/2011,16:00,6.53,7.83,6.47,7.83,1346165,0
04/08/2011,16:00,7.81,7.83,6.96,7.06,1226346,0
04/15/2011,16:00,7.06,7.36,6.67,7.29,1699842,0
04/22/2011,16:00,7.15,7.16,6.59,6.73,570488,0
04/29/2011,16:00,6.70,7.10,6.50,7.06,794540,0
05/06/2011,16:00,7.05,7.10,6.56,6.71,940435,0
05/13/2011,16:00,6.67,7.24,6.62,7.00,788067,0
05/20/2011,16:00,6.92,7.03,6.45,6.54,695427,0
05/27/2011,16:00,6.40,7.14,6.23,7.03,827648,0
06/03/2011,16:00,7.11,7.23,6.37,6.38,1109284,0
06/10/2011,16:00,6.39,6.79,6.12,6.22,1413952,0
06/17/2011,16:00,6.28,6.79,6.22,6.59,1491658,0
06/24/2011,16:00,6.57,6.65,6.28,6.45,1534076,0
07/01/2011,16:00,6.45,6.51,6.11,6.15,1464812,0
07/08/2011,16:00,6.13,6.72,6.05,6.49,1206730,0
07/15/2011,16:00,6.38,6.64,6.21,6.33,720035,0
07/22/2011,16:00,6.28,6.60,6.08,6.44,637532,0
07/29/2011,16:00,6.35,6.48,5.38,5.60,913267,0
08/05/2011,16:00,5.68,5.74,4.14,4.40,1492865,0
08/12/2011,16:00,4.29,5.47,4.03,4.30,2000758,0
08/19/2011,16:00,4.35,5.10,4.19,4.60,2312055,0
08/26/2011,16:00,4.71,4.78,4.05,4.29,1304069,0
09/02/2011,16:00,4.34,4.51,4.10,4.11,1490177,0
09/09/2011,16:00,3.98,4.46,3.98,4.23,1089721,0
09/16/2011,16:00,4.13,5.10,4.13,5.03,2624490,0
09/23/2011,16:00,4.90,5.67,4.81,5.18,2514246,0
09/30/2011,16:00,5.22,5.35,4.81,5.05,1145952,0
10/07/2011,16:00,4.97,5.14,4.46,4.85,1221400,0
10/14/2011,16:00,4.96,5.69,4.87,5.68,1572301,0
10/21/2011,16:00,5.60,5.98,5.25,5.82,1488113,0
10/28/2011,16:00,5.84,6.15,5.55,5.92,1485729,0
11/04/2011,16:00,5.82,6.00,5.32,5.94,913346,0
11/11/2011,16:00,5.94,6.04,5.40,5.91,1359854,0
11/18/2011,16:00,5.87,6.14,5.58,5.62,771777,0
11/25/2011,16:00,5.51,5.64,4.75,4.92,557005,0
12/02/2011,16:00,5.08,5.68,4.98,5.54,1172417,0
12/09/2011,16:00,5.60,6.00,4.94,5.71,1013245,0
12/16/2011,16:00,5.61,5.70,5.17,5.38,1107191,0
12/23/2011,16:00,5.41,5.85,5.12,5.67,938798,0
12/30/2011,16:00,5.65,5.79,5.55,5.64,499215,0
01/06/2012,16:00,5.79,5.93,5.36,5.63,867266,0
01/13/2012,16:00,5.64,6.11,5.51,5.96,964917,0
01/20/2012,16:00,6.81,7.59,6.60,7.02,4624729,0
01/27/2012,16:00,7.01,7.48,6.82,7.47,1385610,0
02/03/2012,16:00,7.41,8.19,7.27,8.14,2917332,0
02/10/2012,16:00,8.04,8.06,7.69,7.73,1274543,0
02/17/2012,16:00,7.84,8.04,7.64,7.83,1130739,0
02/24/2012,16:00,7.83,7.89,7.10,7.44,785662,0
03/02/2012,16:00,7.41,7.58,6.87,6.98,2297899,0
03/09/2012,16:00,6.99,7.50,6.95,7.29,1465468,0
03/16/2012,16:00,7.31,7.59,6.98,7.55,2778065,0
03/23/2012,16:00,7.55,7.66,7.05,7.21,1597065,0
03/30/2012,16:00,7.32,7.53,6.92,7.01,2201702,0
04/06/2012,16:00,7.01,8.24,7.00,8.16,2691540,0
04/13/2012,16:00,8.01,8.32,7.05,7.48,6820468,0
04/20/2012,16:00,7.55,7.55,6.78,7.14,2355936,0
04/27/2012,16:00,7.00,7.38,6.86,7.27,1924575,0
05/04/2012,16:00,7.26,7.28,6.60,6.70,3981140,0
05/11/2012,16:00,6.69,6.80,6.37,6.47,1746146,0
05/18/2012,16:00,6.42,6.81,5.74,5.78,3037601,0
05/25/2012,16:00,5.80,5.90,5.41,5.87,2349834,0
06/01/2012,16:00,5.90,6.01,5.43,5.53,1839781,0
06/08/2012,16:00,5.59,6.49,5.40,6.43,3907408,0
06/15/2012,16:00,6.54,6.54,5.93,6.03,2838661,0
06/22/2012,16:00,6.00,6.03,5.55,5.78,3528346,0
06/29/2012,16:00,5.70,6.09,5.61,5.93,1946477,0
07/06/2012,16:00,5.88,6.43,5.81,6.41,2058010,0
07/13/2012,16:00,6.38,6.42,6.08,6.23,1537176,0
07/20/2012,16:00,6.20,6.28,5.86,5.94,948740,0
07/27/2012,16:00,5.84,6.10,5.71,6.03,1369513,0
08/03/2012,16:00,6.45,6.49,5.83,6.41,2151103,0
08/10/2012,16:00,6.43,6.82,6.41,6.58,1025027,0
08/17/2012,16:00,6.58,6.82,6.40,6.80,697488,0
08/24/2012,16:00,6.80,6.98,6.56,6.79,638827,0
08/31/2012,16:00,6.79,6.86,4.81,5.24,5880362,0
09/07/2012,16:00,5.22,5.70,5.02,5.46,2979691,0
09/14/2012,16:00,5.46,5.75,5.29,5.55,1862219,0
09/21/2012,16:00,5.52,5.58,5.05,5.24,3578410,0
09/28/2012,16:00,5.18,5.31,4.91,5.11,2705002,0
10/05/2012,16:00,5.10,5.14,1.98,2.65,41131131,0
10/12/2012,16:00,2.60,2.71,2.50,2.51,3255092,0
10/19/2012,16:00,2.55,2.92,2.53,2.69,5284499,0
10/26/2012,16:00,2.67,2.81,2.45,2.51,3021047,0
11/02/2012,16:00,2.53,2.60,2.33,2.34,1866534,0
11/09/2012,16:00,2.35,2.53,2.32,2.34,1913291,0
11/16/2012,16:00,2.33,2.48,2.25,2.36,2714440,0
11/23/2012,16:00,2.39,2.66,2.26,2.66,2084426,0
11/30/2012,16:00,2.66,2.76,2.53,2.66,2555433,0
12/07/2012,16:00,2.69,2.72,2.53,2.55,1273190,0
12/14/2012,16:00,2.59,3.03,2.57,2.81,3161242,0
12/21/2012,16:00,2.80,3.03,2.70,2.81,4395124,0
12/28/2012,16:00,2.79,2.89,2.56,2.70,1734270,0
01/04/2013,16:00,2.71,3.18,2.62,3.06,2576998,0
01/11/2013,16:00,3.06,3.10,2.39,2.58,5729461,0
01/18/2013,16:00,2.46,2.69,2.45,2.54,5480160,0
01/25/2013,16:00,2.56,2.60,2.46,2.49,2114452,0
02/01/2013,16:00,2.50,2.67,2.46,2.61,2144153,0
02/08/2013,16:00,2.57,2.64,2.45,2.47,1844813,0
02/15/2013,16:00,2.46,2.60,2.46,2.48,2312593,0
02/22/2013,16:00,2.50,2.58,2.35,2.38,1736477,0
03/01/2013,16:00,2.41,2.58,2.31,2.58,1321915,0
03/08/2013,16:00,2.57,2.81,2.50,2.80,1899635,0
03/15/2013,16:00,2.78,2.82,2.46,2.55,1847607,0
03/22/2013,16:00,2.55,2.65,2.53,2.60,2264268,0
03/29/2013,16:00,2.60,2.65,2.55,2.59,1173218,0
04/05/2013,16:00,2.58,2.78,2.57,2.75,2385293,0
04/12/2013,16:00,2.75,2.89,2.70,2.83,1865671,0
04/19/2013,16:00,2.81,2.99,2.71,2.98,2014282,0
04/26/2013,16:00,2.98,3.10,2.84,3.02,1357214,0
05/03/2013,16:00,3.02,3.10,2.80,2.87,1278211,0
05/10/2013,16:00,2.86,3.05,2.64,2.92,1366591,0
05/17/2013,16:00,2.91,2.99,2.77,2.80,1123127,0
05/24/2013,16:00,2.80,2.86,2.65,2.73,858408,0
05/31/2013,16:00,2.79,2.89,2.66,2.71,921585,0
06/07/2013,16:00,2.73,2.86,2.31,2.35,2913936,0
06/14/2013,16:00,2.39,2.49,2.30,2.36,1363281,0
06/21/2013,16:00,2.39,2.51,2.32,2.50,1827937,0
06/28/2013,16:00,2.47,2.47,2.29,2.32,1598031,0
07/05/2013,16:00,2.35,2.76,2.33,2.73,910655,0
07/12/2013,16:00,2.79,2.80,2.63,2.74,1239832,0
07/19/2013,16:00,2.74,2.81,2.56,2.60,1855971,0
07/26/2013,16:00,2.59,2.66,2.40,2.44,1409171,0
08/02/2013,16:00,2.42,2.71,2.38,2.60,1006465,0
08/09/2013,16:00,2.59,2.73,2.50,2.53,1175406,0
08/16/2013,16:00,2.51,2.63,2.44,2.48,1054084,0
08/23/2013,16:00,2.49,2.74,2.41,2.67,1221499,0
08/30/2013,16:00,2.68,2.79,2.55,2.79,1304544,0
09/06/2013,16:00,2.30,2.62,2.15,2.24,3726695,0
09/13/2013,16:00,2.22,2.28,2.17,2.19,5933220,0
09/20/2013,16:00,2.20,2.29,2.12,2.27,3662945,0
09/27/2013,16:00,2.28,2.94,2.24,2.57,4359832,0
10/04/2013,16:00,2.64,2.65,2.25,2.33,4351121,0
10/11/2013,16:00,2.34,2.41,2.24,2.38,2271012,0
10/18/2013,16:00,2.38,2.43,2.30,2.40,1775086,0
10/25/2013,16:00,2.42,2.55,2.25,2.39,1492609,0
11/01/2013,16:00,2.40,2.43,2.23,2.24,1204225,0
11/08/2013,16:00,2.25,2.32,2.18,2.26,1080415,0
11/15/2013,16:00,2.27,2.33,2.16,2.29,1388772,0
11/22/2013,16:00,2.30,2.31,2.18,2.27,903020,0
11/29/2013,16:00,2.27,2.46,2.25,2.43,1107929,0
12/06/2013,16:00,2.41,2.44,2.15,2.18,1059766,0
12/13/2013,16:00,2.20,2.26,2.02,2.12,2433159,0
12/20/2013,16:00,2.13,2.23,1.91,2.04,4082537,0
12/27/2013,16:00,2.04,2.19,2.04,2.10,984563,0
01/03/2014,16:00,2.07,2.20,2.02,2.18,2057357,0
01/10/2014,16:00,2.20,2.33,2.14,2.33,1271831,0
01/17/2014,16:00,2.34,2.92,2.29,2.52,5464435,0
01/24/2014,16:00,2.52,2.67,2.48,2.54,1818365,0
01/31/2014,16:00,2.54,2.55,2.25,2.29,1430619,0
02/07/2014,16:00,2.30,2.33,2.02,2.24,1869220,0
02/14/2014,16:00,2.24,2.27,2.15,2.21,1056418,0
02/21/2014,16:00,2.24,2.30,2.18,2.23,1107782,0
02/28/2014,16:00,2.25,2.37,2.21,2.25,1054884,0
03/07/2014,16:00,2.23,2.31,2.00,2.18,1515822,0
03/14/2014,16:00,2.17,2.18,2.00,2.14,1947560,0
03/21/2014,16:00,2.17,2.18,2.09,2.17,1464295,0
03/28/2014,16:00,2.20,2.20,1.97,2.03,2142708,0
04/04/2014,16:00,2.03,2.08,1.93,1.94,1399111,0
04/11/2014,16:00,1.94,2.04,1.85,1.85,2089569,0
04/18/2014,16:00,1.86,1.89,1.62,1.66,1591145,0
04/25/2014,16:00,1.65,1.78,1.61,1.61,1361489,0
05/02/2014,16:00,1.63,1.67,1.55,1.57,1039248,0
05/09/2014,16:00,1.55,1.61,1.38,1.40,1829893,0
05/16/2014,16:00,1.40,1.55,1.38,1.46,2498267,0
05/23/2014,16:00,1.46,1.54,1.30,1.41,3982768,0
05/30/2014,16:00,1.43,1.49,1.29,1.43,11295360,0
06/06/2014,16:00,1.44,1.44,1.35,1.40,2702885,0
06/13/2014,16:00,1.39,1.51,1.39,1.46,3065404,0
06/20/2014,16:00,1.45,1.60,1.42,1.52,2805360,0
06/27/2014,16:00,1.53,1.54,1.41,1.46,10848486,0
07/04/2014,16:00,1.47,1.56,1.45,1.56,2037083,0
07/11/2014,16:00,1.54,1.60,1.35,1.43,2515874,0
07/18/2014,16:00,1.43,1.45,1.38,1.42,1037400,0
07/25/2014,16:00,1.42,1.44,1.38,1.39,623498,0
08/01/2014,16:00,1.39,1.41,1.26,1.32,1339265,0
08/08/2014,16:00,1.30,1.33,1.24,1.29,1065665,0
08/15/2014,16:00,1.30,1.36,1.29,1.31,1842915,0
08/22/2014,16:00,1.31,1.34,1.26,1.28,591115,0
08/29/2014,16:00,1.30,1.32,1.25,1.32,816667,0
09/05/2014,16:00,1.32,1.33,1.26,1.26,647044,0
09/12/2014,16:00,1.27,1.30,1.25,1.26,604925,0
09/19/2014,16:00,1.26,1.28,1.13,1.20,906550,0
09/26/2014,16:00,1.13,1.16,1.08,1.13,1362674,0
10/03/2014,16:00,1.11,1.16,1.06,1.15,1159999,0
10/10/2014,16:00,1.13,1.39,1.12,1.14,2141736,0
10/17/2014,16:00,1.15,1.15,1.04,1.15,527239,0
10/24/2014,16:00,1.15,1.20,1.11,1.18,358733,0
10/31/2014,16:00,1.14,1.20,1.12,1.15,811998,0
11/07/2014,16:00,1.15,1.18,1.05,1.06,1347812,0
11/14/2014,16:00,1.25,1.25,1.10,1.17,3511476,0
11/21/2014,16:00,1.18,1.30,1.16,1.26,2820236,0
11/28/2014,16:00,1.25,1.37,1.22,1.32,1257720,0
12/05/2014,16:00,1.35,1.37,1.23,1.35,1165899,0
12/12/2014,16:00,1.38,1.45,1.22,1.25,1706534,0
12/19/2014,16:00,1.24,1.24,1.11,1.19,2142143,0
12/26/2014,16:00,1.20,1.20,1.07,1.13,3223991,0
01/02/2015,16:00,1.13,1.24,1.12,1.24,2875927,0
01/09/2015,16:00,1.23,1.24,1.12,1.21,1552431,0
01/16/2015,16:00,1.19,1.21,1.13,1.16,723808,0
01/23/2015,16:00,1.14,1.16,1.05,1.10,800984,0
01/30/2015,16:00,1.10,1.16,1.09,1.16,532555,0
02/06/2015,16:00,1.15,1.16,1.09,1.14,855944,0
02/13/2015,16:00,1.14,1.38,1.09,1.35,3220610,0
02/20/2015,16:00,1.37,1.39,1.31,1.35,952168,0
02/27/2015,16:00,1.34,2.10,1.31,1.88,7118058,0
03/06/2015,16:00,1.85,2.24,1.80,2.19,3153523,0
03/13/2015,16:00,2.20,2.50,2.13,2.20,5255848,0
03/20/2015,16:00,2.16,2.45,1.96,2.24,4054824,0
03/27/2015,16:00,2.28,2.47,2.08,2.10,2533662,0
04/03/2015,16:00,2.11,2.32,2.11,2.26,1026249,0
04/10/2015,16:00,2.22,2.30,2.15,2.16,1799937,0
04/17/2015,16:00,2.17,2.28,2.11,2.14,1980403,0
04/24/2015,16:00,2.15,2.29,2.03,2.12,1381068,0
05/01/2015,16:00,2.11,2.19,1.91,2.09,5255468,0
05/08/2015,16:00,2.11,2.13,1.80,1.85,1289280,0
05/15/2015,16:00,1.86,1.90,1.76,1.87,1085943,0
05/22/2015,16:00,1.88,1.90,1.75,1.81,909215,0
05/29/2015,16:00,1.82,1.84,1.75,1.81,897226,0
06/05/2015,16:00,1.82,2.02,1.73,1.83,1305298,0
06/12/2015,16:00,1.83,1.85,1.73,1.76,739762,0
06/19/2015,16:00,1.74,1.79,1.68,1.74,609891,0
06/26/2015,16:00,1.75,1.89,1.71,1.71,571621,0
07/03/2015,16:00,1.71,1.71,1.50,1.62,861857,0
07/10/2015,16:00,1.62,1.65,1.53,1.55,482974,0
07/17/2015,16:00,1.55,1.75,1.42,1.73,703718,0
07/24/2015,16:00,1.75,1.85,1.70,1.81,794809,0
07/31/2015,16:00,1.80,1.80,1.60,1.71,825214,0
08/07/2015,16:00,1.70,1.78,1.65,1.75,752804,0
08/14/2015,16:00,1.78,1.80,1.66,1.69,415866,0
08/21/2015,16:00,1.70,1.74,1.49,1.67,727759,0
08/28/2015,16:00,1.55,1.78,1.53,1.76,908996,0
09/04/2015,16:00,1.75,1.79,1.60,1.74,496916,0
09/11/2015,16:00,1.75,1.77,1.68,1.71,809596,0
09/18/2015,16:00,1.73,1.88,1.70,1.88,524305,0
09/25/2015,16:00,1.93,2.12,1.91,2.00,1639726,0
10/02/2015,16:00,2.02,2.02,1.83,1.96,904364,0
10/09/2015,16:00,2.00,2.05,1.92,2.04,401929,0
10/16/2015,16:00,2.04,2.33,2.00,2.31,1327112,0
10/23/2015,16:00,2.35,2.37,2.03,2.26,1008707,0
10/30/2015,16:00,2.29,2.35,2.20,2.26,697536,0
11/06/2015,16:00,2.29,2.63,2.27,2.53,1455003,0
11/13/2015,16:00,2.60,2.65,2.41,2.50,1099613,0
11/20/2015,16:00,2.52,2.53,2.40,2.44,619953,0
11/27/2015,16:00,2.47,2.47,2.27,2.32,504957,0
12/04/2015,16:00,2.34,2.37,2.08,2.22,745247,0
12/11/2015,16:00,2.21,2.23,2.07,2.14,432334,0
12/18/2015,16:00,2.15,2.20,2.05,2.05,513134,0
12/25/2015,16:00,2.30,2.30,2.16,2.24,349316,0
01/01/2016,16:00,2.30,2.30,2.11,2.17,378453,0
01/08/2016,16:00,2.17,2.19,1.95,2.00,603133,0
01/15/2016,16:00,2.00,2.00,1.77,1.78,485215,0
01/22/2016,16:00,1.77,1.85,1.73,1.81,247595,0
01/29/2016,16:00,1.81,1.85,1.70,1.75,291615,0
02/05/2016,16:00,1.75,1.79,1.62,1.64,269743,0
02/12/2016,16:00,1.61,1.71,1.60,1.65,317727,0
02/19/2016,16:00,1.66,1.92,1.65,1.90,355399,0
02/26/2016,16:00,1.93,2.00,1.86,1.98,310345,0
03/04/2016,16:00,1.97,2.00,1.65,1.72,1324346,0
03/11/2016,16:00,1.71,1.80,1.63,1.66,729688,0
03/18/2016,16:00,1.65,1.67,1.37,1.49,666522,0
03/25/2016,16:00,1.51,1.80,1.50,1.63,925632,0
04/01/2016,16:00,1.65,1.65,1.55,1.62,353166,0
04/08/2016,16:00,1.62,1.63,1.37,1.53,725155,0
04/15/2016,16:00,1.57,1.83,1.50,1.79,619635,0
04/22/2016,16:00,1.80,1.87,1.67,1.84,1222837,0
04/29/2016,16:00,1.86,1.86,1.60,1.63,510632,0
05/06/2016,16:00,1.64,1.67,1.53,1.57,409220,0
05/13/2016,16:00,1.59,1.65,1.55,1.61,282981,0
05/20/2016,16:00,1.59,1.65,1.56,1.62,317169,0
05/27/2016,16:00,1.62,1.70,1.62,1.70,260260,0
06/03/2016,16:00,1.70,1.95,1.65,1.82,735343,0
06/10/2016,16:00,1.84,1.84,1.71,1.78,634347,0
06/17/2016,16:00,1.75,1.85,1.68,1.79,712721,0
06/24/2016,16:00,1.79,2.04,1.71,1.91,1215687,0
07/01/2016,16:00,1.92,2.17,1.73,1.85,1193455,0
07/08/2016,16:00,1.84,1.93,1.63,1.74,874367,0
07/15/2016,16:00,1.76,1.77,1.60,1.61,573737,0
07/22/2016,16:00,1.61,1.70,1.55,1.63,522097,0
07/29/2016,16:00,1.64,1.70,1.56,1.66,240737,0
08/05/2016,16:00,1.68,1.70,1.53,1.57,308421,0
08/12/2016,16:00,1.59,1.62,1.49,1.49,545136,0
08/19/2016,16:00,1.50,1.57,1.44,1.52,414644,0
08/26/2016,16:00,1.51,1.54,1.43,1.45,398704,0
09/02/2016,16:00,1.46,1.50,1.39,1.40,271299,0
09/09/2016,16:00,1.41,1.60,1.41,1.51,277023,0
09/16/2016,16:00,1.51,1.52,1.39,1.39,226393,0
09/23/2016,16:00,1.40,1.65,1.40,1.65,385227,0
09/30/2016,16:00,1.60,1.81,1.60,1.79,754102,0
10/07/2016,16:00,1.78,1.82,1.53,1.64,444164,0
10/14/2016,16:00,1.63,1.65,1.47,1.52,429280,0
10/21/2016,16:00,1.53,1.56,1.37,1.50,233789,0
10/28/2016,16:00,1.49,1.50,1.32,1.36,781413,0
11/04/2016,16:00,1.35,1.43,1.20,1.22,505988,0
11/11/2016,16:00,1.22,1.39,1.21,1.35,341641,0
11/18/2016,16:00,1.39,1.42,1.27,1.40,476599,0
11/25/2016,16:00,1.40,1.40,1.31,1.40,389271,0
12/02/2016,16:00,1.40,1.53,1.30,1.37,478620,0
12/09/2016,16:00,1.40,1.41,1.32,1.33,491670,0
12/16/2016,16:00,1.33,1.40,1.27,1.30,384939,0
12/23/2016,16:00,1.30,1.31,1.20,1.29,1398733,0
12/30/2016,16:00,1.28,1.33,1.20,1.26,677512,0
01/06/2017,16:00,1.26,1.35,1.23,1.33,306308,0
01/13/2017,16:00,1.32,1.62,1.30,1.58,885043,0
01/20/2017,16:00,1.60,1.60,1.46,1.49,343986,0
01/27/2017,16:00,1.50,1.68,1.50,1.60,495215,0
02/03/2017,16:00,1.60,1.64,1.29,1.35,1602525,0
02/10/2017,16:00,1.36,1.42,1.32,1.39,781773,0
02/17/2017,16:00,1.40,1.54,1.13,1.20,3003998,0
02/24/2017,16:00,1.26,1.33,1.22,1.26,1326601,0
03/03/2017,16:00,1.26,1.31,1.21,1.26,671192,0
03/10/2017,16:00,1.25,1.30,1.20,1.21,634240,0
03/17/2017,16:00,1.20,1.24,1.19,1.22,355710,0
03/24/2017,16:00,1.22,1.22,1.13,1.14,827582,0
03/31/2017,16:00,1.00,1.16,0.98,1.06,1381032,0
04/07/2017,16:00,1.05,1.05,0.92,0.96,1306619,0
04/14/2017,16:00,0.94,1.13,0.94,1.09,735569,0
04/21/2017,16:00,1.05,1.10,0.95,1.00,306983,0
04/28/2017,16:00,0.99,1.04,0.96,0.99,288982,0
05/05/2017,16:00,0.98,1.02,0.92,1.02,184842,0
05/12/2017,16:00,1.03,1.03,0.95,1.01,277396,0
05/19/2017,16:00,1.02,1.44,0.99,1.26,3120027,0
05/26/2017,16:00,1.28,1.28,1.13,1.22,899733,0
06/02/2017,16:00,1.20,1.35,1.15,1.31,565743,0
06/09/2017,16:00,1.32,1.32,1.06,1.15,760418,0
06/16/2017,16:00,1.13,1.20,1.09,1.12,246264,0
06/23/2017,16:00,1.11,1.19,1.10,1.17,287110,0
06/30/2017,16:00,1.16,1.29,1.15,1.24,471262,0
07/07/2017,16:00,1.24,1.38,1.17,1.33,581206,0
07/14/2017,16:00,1.33,1.39,1.24,1.31,634769,0
07/21/2017,16:00,1.30,1.35,1.25,1.28,330536,0
07/28/2017,16:00,1.28,1.28,1.15,1.16,263361,0
08/04/2017,16:00,1.19,1.19,1.06,1.12,308233,0
08/11/2017,16:00,1.13,1.13,0.94,1.03,659387,0
08/18/2017,16:00,1.05,1.09,0.99,1.03,160420,0
08/25/2017,16:00,1.04,1.10,0.94,1.07,283772,0
09/01/2017,16:00,1.03,1.17,1.03,1.12,258330,0
09/08/2017,16:00,1.14,1.20,1.10,1.17,477320,0
09/15/2017,16:00,1.17,1.19,1.09,1.19,3132984,0
09/22/2017,16:00,1.20,1.20,1.07,1.14,703913,0
09/29/2017,16:00,1.14,1.17,1.09,1.11,446150,0
10/06/2017,16:00,1.11,1.16,1.07,1.13,397808,0
10/13/2017,16:00,1.11,1.13,1.00,1.08,360682,0
10/20/2017,16:00,1.15,1.23,1.05,1.11,2639094,0
10/27/2017,16:00,1.10,1.12,0.97,1.04,917743,0
11/03/2017,16:00,1.02,1.11,0.97,1.07,1599979,0
11/10/2017,16:00,1.10,1.35,1.02,1.21,4344296,0
11/17/2017,16:00,1.22,1.47,1.22,1.42,3826115,0
11/24/2017,16:00,1.41,1.55,1.32,1.55,1056079,0
12/01/2017,16:00,1.54,1.57,1.42,1.54,980446,0
12/08/2017,16:00,1.55,1.57,1.45,1.51,922138,0
12/15/2017,16:00,1.50,1.52,1.27,1.50,2046624,0
12/22/2017,16:00,1.49,1.65,1.47,1.62,2180523,0
12/29/2017,16:00,1.61,1.70,1.61,1.65,563727,0
01/05/2018,16:00,1.64,1.98,1.58,1.85,1752669,0
01/12/2018,16:00,1.93,1.93,1.70,1.83,1007409,0
01/19/2018,16:00,1.81,1.86,1.58,1.73,1136352,0
01/26/2018,16:00,1.72,1.78,1.64,1.74,784786,0
02/02/2018,16:00,1.74,1.81,1.61,1.66,732816,0
02/09/2018,16:00,1.65,1.70,1.46,1.51,706763,0
02/16/2018,16:00,1.52,1.81,1.52,1.72,547392,0
02/23/2018,16:00,1.77,1.84,1.65,1.84,1107212,0
03/02/2018,16:00,1.83,1.83,1.63,1.71,877202,0
03/09/2018,16:00,1.72,1.90,1.63,1.80,2034122,0
03/16/2018,16:00,1.76,2.48,1.75,2.25,5582571,0
03/23/2018,16:00,2.24,2.99,2.23,2.68,7397951,0
03/30/2018,16:00,2.72,3.35,2.50,2.88,4994229,0
04/06/2018,16:00,2.91,3.28,2.83,2.85,10628030,0
04/13/2018,16:00,2.87,3.01,2.47,2.79,6074473,0
04/20/2018,16:00,2.82,3.30,2.56,2.87,10525011,0
04/27/2018,16:00,2.87,3.00,2.61,2.62,3429398,0
05/04/2018,16:00,2.62,2.77,2.55,2.60,1679995,0
05/11/2018,16:00,2.57,2.79,2.40,2.76,2560242,0
05/18/2018,16:00,2.78,3.64,2.78,3.39,6281528,0
05/25/2018,16:00,3.52,5.29,3.49,5.15,13826929,0
06/01/2018,16:00,5.03,5.25,4.28,4.96,8515051,0
06/08/2018,16:00,5.00,6.07,4.65,5.33,8763940,0
06/15/2018,16:00,5.37,5.64,4.90,4.99,11143291,0
06/22/2018,16:00,4.99,5.17,4.45,4.76,17180318,0
06/29/2018,16:00,4.67,5.95,4.61,5.53,11711663,0
07/06/2018,16:00,5.53,6.92,5.52,6.81,9687716,0
07/13/2018,16:00,6.81,7.21,5.50,5.59,14582360,0
07/20/2018,16:00,5.60,5.79,4.98,5.38,8081626,0
07/27/2018,16:00,5.38,5.73,5.08,5.21,7058439,0
08/03/2018,16:00,5.22,5.98,4.87,5.43,8836363,0
08/10/2018,16:00,5.52,5.66,5.26,5.46,3486090,0
08/17/2018,16:00,5.48,6.56,5.48,6.27,10972265,0
08/24/2018,16:00,6.33,6.40,5.65,5.85,5087588,0
08/31/2018,16:00,5.81,6.72,5.81,6.63,4422797,0
09/07/2018,16:00,6.63,6.73,6.02,6.05,3804837,0
09/14/2018,16:00,6.08,6.18,5.31,5.47,4791193,0
09/21/2018,16:00,5.43,5.43,4.78,5.08,12549118,0
09/28/2018,16:00,5.04,5.71,4.99,5.66,4916824,0
10/05/2018,16:00,5.70,5.73,4.19,4.22,5642482,0
10/12/2018,16:00,4.23,4.63,3.94,4.42,6041304,0
10/19/2018,16:00,4.37,5.36,4.18,4.32,5954679,0
10/26/2018,16:00,4.35,4.57,4.08,4.47,4824374,0
11/02/2018,16:00,4.47,4.56,3.23,3.75,6514457,0
11/09/2018,16:00,3.73,4.17,3.52,3.99,4709802,0
11/16/2018,16:00,3.96,4.09,3.51,4.00,4665734,0
11/23/2018,16:00,4.02,4.02,3.38,3.64,3528823,0
11/30/2018,16:00,3.66,3.81,3.14,3.71,6834853,0
12/07/2018,16:00,3.83,3.87,3.28,3.58,8220415,0
12/14/2018,16:00,3.49,3.63,3.20,3.22,5777014,0
12/21/2018,16:00,3.25,3.41,2.23,2.26,11459843,0
12/28/2018,16:00,2.26,2.88,2.26,2.77,5880082,0
01/04/2019,16:00,2.76,3.22,2.66,3.19,4496162,0
01/11/2019,16:00,3.26,3.61,3.16,3.25,5657531,0
01/18/2019,16:00,3.33,4.14,3.29,3.74,6208896,0
01/25/2019,16:00,3.68,3.88,3.44,3.59,3689027,0
02/01/2019,16:00,3.50,3.74,3.32,3.63,2733882,0
02/08/2019,16:00,3.63,3.67,3.38,3.47,2105294,0
02/15/2019,16:00,3.48,3.49,3.19,3.41,2571788,0
02/22/2019,16:00,3.42,3.48,3.18,3.34,2324154,0
03/01/2019,16:00,3.38,3.57,3.15,3.56,2985706,0
03/08/2019,16:00,3.56,6.11,3.25,5.08,26523732,0
03/15/2019,16:00,4.95,5.28,4.62,4.68,9253886,0
03/22/2019,16:00,4.68,5.23,4.67,4.82,5548707,0
03/29/2019,16:00,4.82,5.12,4.54,4.79,3680447,0
04/05/2019,16:00,4.81,5.15,4.64,5.12,2564290,0
04/12/2019,16:00,5.15,6.01,5.01,5.63,6388285,0
