"Date","Time","Open","High","Low","Close","Vol","OI"
11/17/2000,16:00,8.16,9.31,7.88,8.75,3980300,0
11/24/2000,16:00,8.28,8.88,8.00,8.63,711900,0
12/01/2000,16:00,8.84,13.00,7.88,9.19,856800,0
12/08/2000,16:00,9.13,9.81,7.50,9.25,426500,0
12/15/2000,16:00,9.22,11.50,9.00,10.00,883800,0
12/22/2000,16:00,10.25,10.25,7.50,8.88,761600,0
12/29/2000,16:00,8.94,9.25,8.03,8.94,248700,0
01/05/2001,16:00,8.88,9.09,8.13,8.38,339000,0
01/12/2001,16:00,8.22,8.31,6.25,7.00,495800,0
01/19/2001,16:00,6.69,7.63,6.63,7.00,292500,0
01/26/2001,16:00,7.13,7.63,6.81,7.63,234800,0
02/02/2001,16:00,7.38,7.88,7.13,7.75,140300,0
02/09/2001,16:00,7.88,7.88,7.03,7.13,91400,0
02/16/2001,16:00,7.44,7.44,6.63,6.75,360400,0
02/23/2001,16:00,7.00,7.00,6.25,6.88,167600,0
03/02/2001,16:00,6.53,6.91,6.38,6.63,147600,0
03/09/2001,16:00,6.53,7.50,6.38,6.38,158300,0
03/16/2001,16:00,6.38,6.63,5.75,6.00,92100,0
03/23/2001,16:00,5.88,5.97,4.56,5.13,127300,0
03/30/2001,16:00,4.50,6.88,4.16,5.38,419000,0
04/06/2001,16:00,5.38,5.81,4.75,5.03,1516400,0
04/13/2001,16:00,5.00,5.10,4.80,5.09,148000,0
04/20/2001,16:00,4.99,5.75,4.95,5.41,216900,0
04/27/2001,16:00,5.50,6.65,5.30,6.65,169500,0
05/04/2001,16:00,6.57,7.45,5.10,5.31,226700,0
05/11/2001,16:00,5.74,6.98,5.74,6.35,102900,0
05/18/2001,16:00,6.00,7.05,5.80,6.92,553400,0
05/25/2001,16:00,6.95,8.20,6.74,8.13,1200900,0
06/01/2001,16:00,8.16,8.25,7.75,7.90,448400,0
06/08/2001,16:00,7.76,8.33,7.55,7.70,545000,0
06/15/2001,16:00,7.70,8.20,6.75,6.88,340600,0
06/22/2001,16:00,6.84,7.61,6.75,7.30,716900,0
06/29/2001,16:00,7.05,9.50,7.05,9.10,1197300,0
07/06/2001,16:00,8.73,8.85,8.34,8.80,411900,0
07/13/2001,16:00,8.72,9.09,8.58,8.80,426000,0
07/20/2001,16:00,8.83,8.84,8.08,8.41,690400,0
07/27/2001,16:00,8.48,8.60,7.95,8.39,335200,0
08/03/2001,16:00,8.50,10.25,8.10,9.45,1246900,0
08/10/2001,16:00,9.59,10.90,8.85,10.00,1072000,0
08/17/2001,16:00,10.05,11.50,9.77,10.32,642100,0
08/24/2001,16:00,10.70,11.15,10.33,11.15,484200,0
08/31/2001,16:00,11.16,11.20,9.85,10.40,653800,0
09/07/2001,16:00,10.39,10.72,9.70,9.75,407300,0
09/14/2001,16:00,9.06,9.25,9.05,9.05,185400,0
09/21/2001,16:00,9.00,9.20,7.20,8.25,584900,0
09/28/2001,16:00,8.45,9.50,8.35,9.02,1029700,0
10/05/2001,16:00,9.02,9.69,8.44,9.55,1022300,0
10/12/2001,16:00,9.35,9.82,9.10,9.30,497000,0
10/19/2001,16:00,9.30,9.60,8.95,9.35,816600,0
10/26/2001,16:00,9.14,10.70,9.14,10.40,1089600,0
11/02/2001,16:00,9.96,12.21,9.75,12.00,1648100,0
11/09/2001,16:00,12.04,12.50,10.36,12.15,1243600,0
11/16/2001,16:00,12.05,14.54,11.35,11.46,1593600,0
11/23/2001,16:00,11.56,12.05,10.85,11.97,677400,0
11/30/2001,16:00,12.00,13.75,11.95,13.45,890800,0
12/07/2001,16:00,13.59,15.30,13.14,13.65,1405500,0
12/14/2001,16:00,13.64,14.34,12.56,13.86,718800,0
12/21/2001,16:00,14.05,14.79,13.75,14.30,845100,0
12/28/2001,16:00,14.39,15.89,13.92,14.28,337700,0
01/04/2002,16:00,14.40,15.10,13.93,14.20,546000,0
01/11/2002,16:00,14.22,14.85,13.70,14.10,410500,0
01/18/2002,16:00,14.24,14.85,11.50,12.32,548200,0
01/25/2002,16:00,12.90,14.36,12.45,13.35,400100,0
02/01/2002,16:00,13.25,13.57,11.65,12.35,297600,0
02/08/2002,16:00,12.40,12.50,9.40,10.54,1096100,0
02/15/2002,16:00,10.45,11.00,9.77,10.30,1546700,0
02/22/2002,16:00,10.25,10.85,9.75,10.85,432000,0
03/01/2002,16:00,10.87,11.00,9.24,9.54,508700,0
03/08/2002,16:00,9.70,11.89,9.56,10.58,534200,0
03/15/2002,16:00,10.60,12.12,9.75,11.30,628800,0
03/22/2002,16:00,11.40,11.49,10.35,11.20,376200,0
03/29/2002,16:00,11.24,13.18,11.00,12.95,416400,0
04/05/2002,16:00,12.99,13.00,11.12,11.46,313500,0
04/12/2002,16:00,11.30,11.51,9.84,10.00,560600,0
04/19/2002,16:00,10.10,12.68,8.75,10.46,1172800,0
04/26/2002,16:00,10.64,11.20,10.05,10.20,321200,0
05/03/2002,16:00,10.21,10.89,8.50,10.49,818600,0
05/10/2002,16:00,10.56,10.75,8.65,8.88,355700,0
05/17/2002,16:00,8.90,11.39,8.70,11.33,718700,0
05/24/2002,16:00,11.72,11.73,10.10,10.36,496900,0
05/31/2002,16:00,10.37,10.99,9.74,9.84,202000,0
06/07/2002,16:00,9.65,10.20,8.35,8.70,311900,0
06/14/2002,16:00,8.60,9.41,7.95,8.98,392000,0
06/21/2002,16:00,8.80,9.65,8.25,8.66,355400,0
06/28/2002,16:00,8.66,9.64,8.25,9.64,402100,0
07/05/2002,16:00,9.40,9.57,6.30,8.62,460600,0
07/12/2002,16:00,8.35,8.55,7.02,7.30,239600,0
07/19/2002,16:00,7.25,9.74,7.24,8.51,486100,0
07/26/2002,16:00,8.49,9.30,7.55,8.55,376245,0
08/02/2002,16:00,8.80,9.29,8.00,8.00,442965,0
08/09/2002,16:00,8.19,9.60,7.76,9.60,274436,0
08/16/2002,16:00,9.59,9.67,8.30,9.32,231850,0
08/23/2002,16:00,9.49,9.49,8.60,9.00,229593,0
08/30/2002,16:00,9.01,9.50,8.36,8.36,225000,0
09/06/2002,16:00,8.59,8.59,7.32,8.07,290851,0
09/13/2002,16:00,7.99,8.11,7.36,7.82,223074,0
09/20/2002,16:00,7.79,7.87,6.30,6.70,564536,0
09/27/2002,16:00,6.70,7.35,5.99,7.21,396300,0
10/04/2002,16:00,7.16,8.80,6.90,7.18,511418,0
10/11/2002,16:00,7.18,7.21,6.25,6.50,409162,0
10/18/2002,16:00,6.48,7.95,5.88,7.51,383934,0
10/25/2002,16:00,7.51,8.29,7.23,7.38,331328,0
11/01/2002,16:00,7.45,8.60,7.03,8.53,246956,0
11/08/2002,16:00,8.44,8.65,7.61,7.90,502138,0
11/15/2002,16:00,8.10,9.20,7.61,8.58,349857,0
11/22/2002,16:00,8.40,8.77,7.83,8.77,275669,0
11/29/2002,16:00,8.43,8.70,8.43,8.45,207538,0
12/06/2002,16:00,8.45,8.54,6.44,6.91,318290,0
12/13/2002,16:00,6.95,7.45,6.60,6.75,171899,0
12/20/2002,16:00,6.75,7.40,4.77,5.48,648037,0
12/27/2002,16:00,5.19,5.60,5.10,5.30,250488,0
01/03/2003,16:00,5.32,5.78,4.87,4.87,502991,0
01/10/2003,16:00,4.85,5.30,4.62,5.01,262665,0
01/17/2003,16:00,5.32,5.37,4.62,4.98,939564,0
01/24/2003,16:00,5.00,5.20,4.37,4.44,184294,0
01/31/2003,16:00,4.45,4.80,3.96,4.46,481931,0
02/07/2003,16:00,4.53,4.69,3.98,4.05,1203679,0
02/14/2003,16:00,4.11,4.55,3.92,4.10,258985,0
02/21/2003,16:00,4.10,4.40,4.05,4.31,145244,0
02/28/2003,16:00,4.21,4.40,4.04,4.08,117281,0
03/07/2003,16:00,3.97,4.36,3.97,4.15,491690,0
03/14/2003,16:00,4.15,4.29,4.02,4.15,190000,0
03/21/2003,16:00,4.11,4.55,4.05,4.50,417260,0
03/28/2003,16:00,4.30,4.70,4.11,4.18,267050,0
04/04/2003,16:00,4.15,4.39,2.63,2.99,3190229,0
04/11/2003,16:00,3.00,3.09,2.21,2.40,1582447,0
04/18/2003,16:00,2.40,2.45,2.10,2.40,1613318,0
04/25/2003,16:00,2.33,2.75,2.22,2.26,632363,0
05/02/2003,16:00,2.37,3.00,2.20,2.92,1782145,0
05/09/2003,16:00,3.00,3.31,2.68,2.91,1262211,0
05/16/2003,16:00,3.00,4.05,2.91,3.78,1246244,0
05/23/2003,16:00,3.75,3.98,3.06,3.37,844996,0
05/30/2003,16:00,3.25,3.95,3.25,3.66,659153,0
06/06/2003,16:00,3.66,4.49,3.65,3.96,930047,0
06/13/2003,16:00,3.96,4.21,3.40,3.53,646634,0
06/20/2003,16:00,3.64,3.89,3.25,3.33,494249,0
06/27/2003,16:00,3.25,3.65,3.01,3.26,470197,0
07/04/2003,16:00,3.46,3.50,3.08,3.10,1234753,0
07/11/2003,16:00,3.35,3.60,3.18,3.47,990453,0
07/18/2003,16:00,3.52,3.52,3.20,3.37,693883,0
07/25/2003,16:00,3.35,3.40,3.18,3.34,1001642,0
08/01/2003,16:00,3.37,4.00,3.36,3.75,1592528,0
08/08/2003,16:00,3.58,3.94,3.58,3.90,1051008,0
08/15/2003,16:00,3.94,4.44,3.94,4.29,745690,0
08/22/2003,16:00,4.29,5.14,4.21,5.00,941543,0
08/29/2003,16:00,5.03,5.80,4.72,5.27,628380,0
09/05/2003,16:00,5.26,5.67,5.17,5.33,748889,0
09/12/2003,16:00,5.96,6.54,5.78,6.01,1106251,0
09/19/2003,16:00,6.10,6.10,5.70,5.87,492584,0
09/26/2003,16:00,5.80,6.06,5.55,5.63,490371,0
10/03/2003,16:00,5.58,6.06,5.20,5.80,534035,0
10/10/2003,16:00,5.85,6.00,5.72,5.90,277074,0
10/17/2003,16:00,5.93,6.31,5.82,5.89,318235,0
10/24/2003,16:00,5.86,6.00,5.00,5.64,235212,0
10/31/2003,16:00,5.64,6.00,5.41,5.75,170681,0
11/07/2003,16:00,5.75,5.99,4.87,5.02,4752222,0
11/14/2003,16:00,5.09,5.10,4.55,4.70,977963,0
11/21/2003,16:00,4.65,5.25,4.60,4.61,991354,0
11/28/2003,16:00,4.65,5.25,4.65,5.11,265715,0
12/05/2003,16:00,5.10,5.40,4.86,5.03,899715,0
12/12/2003,16:00,5.00,5.74,4.85,5.60,379790,0
12/19/2003,16:00,5.60,5.84,5.11,5.44,889043,0
12/26/2003,16:00,4.95,5.90,4.95,5.90,413844,0
01/02/2004,16:00,5.80,6.00,5.50,5.95,564641,0
01/09/2004,16:00,5.99,8.40,5.86,7.37,5017566,0
01/16/2004,16:00,7.36,7.85,7.00,7.82,652016,0
01/23/2004,16:00,8.00,8.10,7.35,7.58,539811,0
01/30/2004,16:00,7.62,7.64,6.80,6.88,549402,0
02/06/2004,16:00,7.07,7.10,6.29,6.64,476911,0
02/13/2004,16:00,6.66,7.40,6.61,7.00,1276418,0
02/20/2004,16:00,7.05,7.35,6.73,6.91,412624,0
02/27/2004,16:00,6.75,8.70,6.75,8.41,2900997,0
03/05/2004,16:00,9.00,9.39,8.40,9.10,1460873,0
03/12/2004,16:00,9.41,9.55,8.59,9.13,1247993,0
03/19/2004,16:00,9.10,9.22,8.02,8.53,601720,0
03/26/2004,16:00,8.38,9.00,8.31,8.95,280028,0
04/02/2004,16:00,9.00,9.17,8.56,8.90,587882,0
04/09/2004,16:00,8.86,10.08,8.68,8.93,1038690,0
04/16/2004,16:00,8.90,8.91,8.27,8.71,509011,0
04/23/2004,16:00,8.64,9.32,8.64,9.15,749866,0
04/30/2004,16:00,9.72,11.85,9.41,11.06,4021143,0
05/07/2004,16:00,11.23,11.49,9.85,10.31,1662207,0
05/14/2004,16:00,10.31,10.45,9.25,9.83,990338,0
05/21/2004,16:00,9.78,10.26,9.23,9.44,575571,0
05/28/2004,16:00,9.49,10.08,9.44,9.48,1216052,0
06/04/2004,16:00,9.74,10.00,8.54,8.75,903788,0
06/11/2004,16:00,8.84,8.88,7.93,8.02,669007,0
06/18/2004,16:00,8.05,9.20,8.05,8.83,1334887,0
06/25/2004,16:00,8.77,9.60,8.58,8.78,2904261,0
07/02/2004,16:00,8.87,8.99,7.87,8.29,818165,0
07/09/2004,16:00,8.03,8.20,7.28,7.32,495571,0
07/16/2004,16:00,7.30,7.97,6.92,6.92,559087,0
07/23/2004,16:00,6.92,7.52,6.65,6.75,528784,0
07/30/2004,16:00,6.76,7.00,6.53,6.68,481913,0
08/06/2004,16:00,6.68,6.76,5.53,5.75,986563,0
08/13/2004,16:00,5.75,6.04,5.29,5.80,594445,0
08/20/2004,16:00,5.86,6.72,5.86,6.21,376618,0
08/27/2004,16:00,6.30,6.83,6.02,6.66,313869,0
09/03/2004,16:00,6.65,7.72,6.26,7.12,878381,0
09/10/2004,16:00,7.16,7.58,7.13,7.20,387753,0
09/17/2004,16:00,7.12,7.89,7.12,7.52,447539,0
09/24/2004,16:00,7.55,7.65,7.13,7.19,186617,0
10/01/2004,16:00,7.24,7.45,6.70,7.40,358508,0
10/08/2004,16:00,7.54,7.75,7.03,7.10,360685,0
10/15/2004,16:00,7.02,7.45,6.46,6.66,264203,0
10/22/2004,16:00,6.59,7.40,6.59,6.88,284922,0
10/29/2004,16:00,6.80,7.20,6.63,6.99,329493,0
11/05/2004,16:00,6.94,7.78,6.94,7.61,359069,0
11/12/2004,16:00,7.61,8.55,7.49,8.51,426670,0
11/19/2004,16:00,8.56,9.04,8.20,8.87,846132,0
11/26/2004,16:00,8.73,8.92,8.16,8.46,236876,0
12/03/2004,16:00,8.50,8.89,7.39,7.60,655548,0
12/10/2004,16:00,7.62,8.90,7.34,8.39,2643124,0
12/17/2004,16:00,8.40,9.45,8.31,8.53,1695316,0
12/24/2004,16:00,8.48,9.61,8.35,9.57,986781,0
12/31/2004,16:00,9.38,10.00,9.11,9.52,1415819,0
01/07/2005,16:00,9.42,9.54,8.64,9.02,1362406,0
01/14/2005,16:00,9.07,9.59,8.64,9.00,678341,0
01/21/2005,16:00,8.90,9.23,8.34,8.84,571643,0
01/28/2005,16:00,8.79,9.21,8.50,8.65,538833,0
02/04/2005,16:00,8.50,9.50,8.50,9.50,674648,0
02/11/2005,16:00,9.40,9.89,8.18,8.53,1071194,0
02/18/2005,16:00,8.53,9.00,8.33,8.51,627879,0
02/25/2005,16:00,8.51,8.69,7.75,8.62,1510281,0
03/04/2005,16:00,8.51,8.68,7.71,7.81,630443,0
03/11/2005,16:00,7.83,7.84,7.11,7.42,1116521,0
03/18/2005,16:00,7.40,8.00,7.30,7.64,1078282,0
03/25/2005,16:00,7.70,7.71,7.30,7.51,649533,0
04/01/2005,16:00,7.49,7.54,6.30,6.32,1144769,0
04/08/2005,16:00,6.33,6.53,6.10,6.43,926626,0
04/15/2005,16:00,6.40,6.55,6.26,6.45,885334,0
04/22/2005,16:00,6.40,6.65,6.23,6.38,697556,0
04/29/2005,16:00,6.31,6.88,6.13,6.22,568323,0
05/06/2005,16:00,6.22,6.55,6.17,6.26,981483,0
05/13/2005,16:00,6.48,7.09,6.31,6.57,1643444,0
05/20/2005,16:00,6.65,6.75,6.29,6.75,744410,0
05/27/2005,16:00,6.77,6.80,6.05,6.23,570669,0
06/03/2005,16:00,6.15,6.35,6.04,6.15,530666,0
06/10/2005,16:00,6.20,6.29,5.80,5.90,724628,0
06/17/2005,16:00,5.87,6.30,5.80,6.26,826196,0
06/24/2005,16:00,6.25,6.46,5.67,5.90,856211,0
07/01/2005,16:00,5.84,6.39,5.61,6.32,933895,0
07/08/2005,16:00,6.33,6.81,6.27,6.76,544581,0
07/15/2005,16:00,6.75,7.33,6.63,7.26,674549,0
07/22/2005,16:00,7.34,7.81,6.99,7.28,634665,0
07/29/2005,16:00,7.28,7.28,6.73,6.76,544292,0
08/05/2005,16:00,6.75,7.00,6.26,6.48,390056,0
08/12/2005,16:00,6.64,6.88,6.15,6.32,426172,0
08/19/2005,16:00,6.21,6.48,6.07,6.18,394540,0
08/26/2005,16:00,6.16,6.25,5.90,6.02,343410,0
09/02/2005,16:00,5.92,7.00,5.92,6.81,695495,0
09/09/2005,16:00,6.83,7.50,6.80,7.27,516430,0
09/16/2005,16:00,7.21,7.41,6.89,7.13,590256,0
09/23/2005,16:00,7.10,7.25,6.71,6.99,527013,0
09/30/2005,16:00,7.08,7.20,6.66,7.18,483373,0
10/07/2005,16:00,7.11,7.75,6.43,6.58,1020170,0
10/14/2005,16:00,6.54,7.50,6.05,7.07,1197808,0
10/21/2005,16:00,7.04,7.42,6.83,6.92,665436,0
10/28/2005,16:00,6.84,7.12,6.42,6.82,520634,0
11/04/2005,16:00,6.85,7.14,6.56,7.00,437364,0
11/11/2005,16:00,7.00,7.50,6.88,7.34,657132,0
11/18/2005,16:00,7.40,7.40,6.71,7.01,887513,0
11/25/2005,16:00,7.05,7.20,6.87,7.01,391361,0
12/02/2005,16:00,6.99,7.06,6.41,6.79,760062,0
12/09/2005,16:00,6.81,6.92,6.42,6.88,403229,0
12/16/2005,16:00,6.92,7.06,6.73,7.01,557079,0
12/23/2005,16:00,6.99,7.08,6.75,6.99,573782,0
12/30/2005,16:00,6.95,7.09,6.65,7.01,391314,0
01/06/2006,16:00,7.01,7.33,6.82,7.30,720797,0
01/13/2006,16:00,7.21,7.43,6.97,7.29,1170828,0
01/20/2006,16:00,7.25,7.84,6.89,7.27,584902,0
01/27/2006,16:00,7.35,8.27,7.26,7.90,1189941,0
02/03/2006,16:00,7.82,8.11,7.59,8.05,1077607,0
02/10/2006,16:00,8.14,8.25,7.79,8.20,602211,0
02/17/2006,16:00,8.13,9.49,8.11,9.42,1245915,0
02/24/2006,16:00,9.40,9.41,8.90,9.25,1048309,0
03/03/2006,16:00,9.32,9.44,8.91,9.09,1107870,0
03/10/2006,16:00,9.10,9.71,9.07,9.67,832908,0
03/17/2006,16:00,9.71,9.81,9.02,9.54,974457,0
03/24/2006,16:00,9.51,9.69,9.18,9.48,820109,0
03/31/2006,16:00,9.45,9.56,9.05,9.14,1593444,0
04/07/2006,16:00,9.14,9.14,8.16,8.24,1526017,0
04/14/2006,16:00,8.25,8.76,8.01,8.59,1073410,0
04/21/2006,16:00,8.65,8.90,7.89,7.92,1492708,0
04/28/2006,16:00,7.94,8.00,7.11,7.41,954003,0
05/05/2006,16:00,7.42,7.57,6.90,7.25,1424294,0
05/12/2006,16:00,7.18,7.26,6.85,6.89,1283584,0
05/19/2006,16:00,6.82,7.05,6.50,6.76,810679,0
05/26/2006,16:00,6.73,7.40,6.50,7.37,971566,0
06/02/2006,16:00,7.38,7.86,7.08,7.76,1024980,0
06/09/2006,16:00,7.71,9.13,7.64,8.95,2436386,0
06/16/2006,16:00,8.95,9.04,8.26,8.32,1254864,0
06/23/2006,16:00,8.37,8.46,8.01,8.08,1144839,0
06/30/2006,16:00,8.14,8.60,7.88,8.60,1388360,0
07/07/2006,16:00,8.60,8.83,8.13,8.22,495911,0
07/14/2006,16:00,8.20,8.40,7.42,7.77,664444,0
07/21/2006,16:00,7.75,8.67,7.54,8.15,937704,0
07/28/2006,16:00,8.21,8.54,8.00,8.30,1004916,0
08/04/2006,16:00,8.32,8.77,8.03,8.49,999541,0
08/11/2006,16:00,8.39,8.40,7.60,7.69,912893,0
08/18/2006,16:00,7.73,8.50,7.69,8.12,656478,0
08/25/2006,16:00,8.06,8.09,7.43,7.60,532190,0
09/01/2006,16:00,7.55,8.52,7.55,8.36,521820,0
09/08/2006,16:00,8.40,8.68,7.90,8.13,385316,0
09/15/2006,16:00,8.06,8.51,7.75,8.46,646484,0
09/22/2006,16:00,8.40,8.60,8.02,8.20,757150,0
09/29/2006,16:00,8.19,8.69,8.11,8.52,601468,0
10/06/2006,16:00,8.54,8.82,8.40,8.71,984114,0
10/13/2006,16:00,8.47,8.80,8.17,8.70,584860,0
10/20/2006,16:00,8.70,9.75,8.64,9.65,1501180,0
10/27/2006,16:00,9.59,9.97,9.17,9.79,1034907,0
11/03/2006,16:00,9.78,10.18,9.52,10.08,1346676,0
11/10/2006,16:00,10.10,11.99,9.69,11.97,4557419,0
11/17/2006,16:00,11.93,13.50,11.92,13.37,2820825,0
11/24/2006,16:00,13.35,13.40,12.89,13.35,1762827,0
12/01/2006,16:00,13.27,13.95,12.59,13.00,1951173,0
12/08/2006,16:00,13.01,13.77,12.78,13.51,1405766,0
12/15/2006,16:00,13.54,13.68,12.85,12.93,1873299,0
12/22/2006,16:00,13.01,13.40,12.52,13.24,1107663,0
12/29/2006,16:00,13.20,13.49,12.89,12.92,574017,0
01/05/2007,16:00,12.90,13.24,12.12,12.72,877237,0
01/12/2007,16:00,12.72,13.53,12.59,13.50,1545780,0
01/19/2007,16:00,13.53,14.08,12.75,12.97,1360424,0
01/26/2007,16:00,13.00,13.45,12.61,13.13,977848,0
02/02/2007,16:00,13.00,14.02,13.00,13.92,1403037,0
02/09/2007,16:00,13.96,14.23,12.56,12.88,2749291,0
02/16/2007,16:00,12.95,12.95,12.40,12.78,2212301,0
02/23/2007,16:00,12.77,12.88,12.53,12.67,946423,0
03/02/2007,16:00,12.67,12.75,11.25,11.91,2313910,0
03/09/2007,16:00,11.76,12.21,11.56,11.98,1409992,0
03/16/2007,16:00,11.93,12.09,11.31,11.52,1650393,0
03/23/2007,16:00,11.55,12.68,11.49,12.38,1461353,0
03/30/2007,16:00,12.39,12.85,12.07,12.70,2082539,0
04/06/2007,16:00,12.75,12.93,12.57,12.86,1184214,0
04/13/2007,16:00,12.85,13.69,12.60,13.64,1894534,0
04/20/2007,16:00,13.69,13.93,13.08,13.67,1171977,0
04/27/2007,16:00,13.65,14.59,13.14,14.00,1925494,0
05/04/2007,16:00,13.99,14.40,12.70,12.82,4681255,0
05/11/2007,16:00,12.82,12.88,12.08,12.47,1497754,0
05/18/2007,16:00,12.44,12.86,12.35,12.76,1337742,0
05/25/2007,16:00,12.72,13.05,12.43,12.84,1477217,0
06/01/2007,16:00,12.90,12.90,12.20,12.58,2959474,0
06/08/2007,16:00,12.58,12.71,11.81,12.03,1634429,0
06/15/2007,16:00,11.98,11.98,11.06,11.46,2261914,0
06/22/2007,16:00,11.47,12.00,10.94,11.74,2669005,0
06/29/2007,16:00,11.70,12.08,11.60,11.67,1489411,0
07/06/2007,16:00,11.74,11.91,11.55,11.74,495372,0
07/13/2007,16:00,11.75,11.77,11.41,11.59,892566,0
07/20/2007,16:00,11.54,11.81,11.29,11.36,1099113,0
07/27/2007,16:00,11.39,11.67,10.46,10.65,1805353,0
08/03/2007,16:00,10.62,10.62,9.70,9.72,1880679,0
08/10/2007,16:00,9.85,12.05,9.65,10.91,4180309,0
08/17/2007,16:00,11.06,11.93,10.27,11.64,2075395,0
08/24/2007,16:00,11.67,11.67,10.78,11.14,1071916,0
08/31/2007,16:00,11.09,11.46,10.61,11.35,975899,0
09/07/2007,16:00,11.32,11.71,11.13,11.55,887128,0
09/14/2007,16:00,11.56,12.83,11.53,12.76,1444643,0
09/21/2007,16:00,12.70,13.02,12.07,12.55,1794687,0
09/28/2007,16:00,12.96,12.97,10.87,11.23,3800173,0
10/05/2007,16:00,11.25,11.25,10.39,10.54,2845053,0
10/12/2007,16:00,10.49,11.73,10.46,11.35,2121668,0
10/19/2007,16:00,11.44,11.99,11.22,11.28,2605970,0
10/26/2007,16:00,11.20,11.82,10.94,11.50,1515864,0
11/02/2007,16:00,11.52,11.59,10.38,10.73,1325096,0
11/09/2007,16:00,10.68,10.75,9.80,10.35,1938498,0
11/16/2007,16:00,10.84,11.33,10.48,10.84,1876627,0
11/23/2007,16:00,10.71,11.25,10.47,10.71,1118062,0
11/30/2007,16:00,10.75,11.49,10.50,11.07,2241702,0
12/07/2007,16:00,11.11,12.45,11.00,12.15,1590869,0
12/14/2007,16:00,12.20,12.43,11.07,11.07,1612525,0
12/21/2007,16:00,11.01,11.19,7.81,8.70,9459005,0
12/28/2007,16:00,8.66,8.73,8.23,8.50,1248307,0
01/04/2008,16:00,8.44,8.69,7.85,8.10,2039295,0
01/11/2008,16:00,8.12,8.27,7.50,7.52,2737337,0
01/18/2008,16:00,7.58,7.66,6.54,6.75,2401474,0
01/25/2008,16:00,6.45,6.73,5.92,6.37,1995788,0
02/01/2008,16:00,6.40,6.81,6.08,6.53,1649694,0
02/08/2008,16:00,6.49,7.15,5.35,5.36,3201192,0
02/15/2008,16:00,5.41,5.83,5.03,5.60,2389981,0
02/22/2008,16:00,5.74,5.98,5.29,5.55,1489493,0
02/29/2008,16:00,5.56,5.97,5.42,5.60,2138397,0
03/07/2008,16:00,6.05,7.25,5.88,6.18,3670814,0
03/14/2008,16:00,6.17,6.17,5.30,5.73,2091218,0
03/21/2008,16:00,5.56,6.98,5.40,6.97,2015500,0
03/28/2008,16:00,6.96,7.74,6.76,6.79,2036546,0
04/04/2008,16:00,6.78,7.34,6.70,7.13,1377162,0
04/11/2008,16:00,7.22,7.25,6.55,6.79,839072,0
04/18/2008,16:00,6.77,7.18,6.60,6.80,1516145,0
04/25/2008,16:00,6.60,6.82,6.26,6.43,836682,0
05/02/2008,16:00,6.43,6.65,6.03,6.27,951584,0
05/09/2008,16:00,6.20,6.56,5.50,5.75,1605427,0
05/16/2008,16:00,5.78,6.52,5.78,6.17,1434719,0
05/23/2008,16:00,6.16,6.64,5.77,5.82,1058471,0
05/30/2008,16:00,5.81,6.30,5.78,6.22,1100284,0
06/06/2008,16:00,6.21,6.26,5.44,5.44,1579256,0
06/13/2008,16:00,5.41,5.51,4.82,5.30,1410348,0
06/20/2008,16:00,5.27,5.59,4.90,5.38,1367388,0
06/27/2008,16:00,5.40,5.43,4.62,4.66,1473822,0
07/04/2008,16:00,4.71,5.23,4.51,5.18,1065356,0
07/11/2008,16:00,5.21,5.78,4.90,5.53,1455112,0
07/18/2008,16:00,5.56,6.43,5.17,6.40,1445155,0
07/25/2008,16:00,6.27,8.10,6.26,7.41,2414516,0
08/01/2008,16:00,7.42,8.09,7.20,7.78,1161540,0
08/08/2008,16:00,7.76,8.55,7.25,8.50,1915262,0
08/15/2008,16:00,8.51,8.84,6.97,7.77,2507722,0
08/22/2008,16:00,7.78,8.35,7.57,8.25,1352672,0
08/29/2008,16:00,8.22,8.37,7.91,8.17,960950,0
09/05/2008,16:00,8.35,8.62,6.29,6.59,1515125,0
09/12/2008,16:00,6.65,6.85,6.22,6.52,1168378,0
09/19/2008,16:00,6.31,8.83,6.31,8.51,3446526,0
09/26/2008,16:00,8.50,8.50,7.41,8.18,1254238,0
10/03/2008,16:00,8.03,8.23,6.02,6.20,1552263,0
10/10/2008,16:00,6.05,6.34,3.75,4.26,3054361,0
10/17/2008,16:00,4.53,5.34,3.94,4.37,1895184,0
10/24/2008,16:00,4.48,4.74,3.47,3.90,1099780,0
10/31/2008,16:00,3.91,5.00,3.40,4.92,1501975,0
11/07/2008,16:00,4.92,5.16,3.75,3.91,1314624,0
11/14/2008,16:00,4.03,4.17,3.11,3.33,1377112,0
11/21/2008,16:00,3.31,3.73,2.64,3.23,1531608,0
11/28/2008,16:00,3.28,3.91,3.01,3.78,1461271,0
12/05/2008,16:00,3.57,3.65,2.86,3.50,1367578,0
12/12/2008,16:00,3.61,4.20,3.57,4.03,1294233,0
12/19/2008,16:00,4.05,4.25,3.66,3.83,1093119,0
12/26/2008,16:00,3.86,3.96,3.47,3.79,362719,0
01/02/2009,16:00,3.79,4.16,3.49,4.13,594676,0
01/09/2009,16:00,4.11,4.68,3.92,3.92,948294,0
01/16/2009,16:00,3.92,4.23,3.50,3.72,565178,0
01/23/2009,16:00,3.66,3.81,3.31,3.55,427503,0
01/30/2009,16:00,3.57,4.26,3.51,4.00,1177232,0
02/06/2009,16:00,3.94,4.61,3.78,4.28,1682257,0
02/13/2009,16:00,4.28,4.30,4.04,4.12,943917,0
02/20/2009,16:00,4.01,4.14,3.32,3.50,574433,0
02/27/2009,16:00,3.53,3.68,3.12,3.12,855673,0
03/06/2009,16:00,3.09,3.13,2.51,2.60,1017600,0
03/13/2009,16:00,2.57,2.95,2.51,2.74,1085927,0
03/20/2009,16:00,2.78,3.11,2.55,2.57,720569,0
03/27/2009,16:00,2.65,3.22,2.50,2.89,1154036,0
04/03/2009,16:00,2.82,3.16,2.54,3.13,1042282,0
04/10/2009,16:00,3.08,3.24,2.67,3.16,846781,0
04/17/2009,16:00,3.12,3.12,2.80,2.84,670861,0
04/24/2009,16:00,3.00,3.01,2.65,2.93,1283336,0
05/01/2009,16:00,2.86,3.08,2.80,2.86,1192430,0
05/08/2009,16:00,2.90,3.64,2.88,3.37,1775082,0
05/15/2009,16:00,3.29,3.48,3.00,3.13,864005,0
05/22/2009,16:00,3.20,3.41,2.97,2.98,606652,0
05/29/2009,16:00,2.95,3.31,2.95,3.11,801835,0
06/05/2009,16:00,3.21,3.30,3.07,3.12,749251,0
06/12/2009,16:00,3.13,3.43,3.04,3.15,674952,0
06/19/2009,16:00,3.14,3.29,3.02,3.20,662651,0
06/26/2009,16:00,3.18,3.39,2.95,3.39,1275210,0
07/03/2009,16:00,3.32,3.47,3.08,3.09,743820,0
07/10/2009,16:00,3.10,3.15,2.78,2.98,949267,0
07/17/2009,16:00,2.99,3.22,2.95,3.20,600998,0
07/24/2009,16:00,3.21,4.49,3.11,4.14,1857323,0
07/31/2009,16:00,4.14,4.14,3.78,3.80,1086070,0
08/07/2009,16:00,3.84,4.16,3.80,4.05,916337,0
08/14/2009,16:00,4.03,4.65,3.92,4.05,1926164,0
08/21/2009,16:00,3.95,4.28,3.87,4.18,1228565,0
08/28/2009,16:00,4.20,4.33,4.05,4.18,935744,0
09/04/2009,16:00,4.18,4.28,2.70,2.90,7657689,0
09/11/2009,16:00,3.04,3.05,2.79,2.80,2631605,0
09/18/2009,16:00,2.79,2.95,2.78,2.94,1848875,0
09/25/2009,16:00,2.92,2.92,2.45,2.49,2502130,0
10/02/2009,16:00,2.50,2.61,2.35,2.41,1421986,0
10/09/2009,16:00,2.43,2.70,2.39,2.57,1224657,0
10/16/2009,16:00,2.62,2.62,2.27,2.28,1067015,0
10/23/2009,16:00,2.30,2.36,1.91,1.91,1578143,0
10/30/2009,16:00,1.91,2.00,1.68,1.79,1309350,0
11/06/2009,16:00,1.82,2.17,1.76,2.00,2179860,0
11/13/2009,16:00,2.03,2.30,2.00,2.07,1121764,0
11/20/2009,16:00,2.13,2.30,1.94,2.03,1188116,0
11/27/2009,16:00,2.07,2.13,1.82,1.82,614547,0
12/04/2009,16:00,1.85,2.12,1.70,2.11,2310709,0
12/11/2009,16:00,2.12,2.14,1.90,1.99,869588,0
12/18/2009,16:00,2.02,3.11,2.00,2.80,16588206,0
12/25/2009,16:00,2.81,2.86,2.40,2.81,3526186,0
01/01/2010,16:00,2.79,2.82,2.61,2.81,2101218,0
01/08/2010,16:00,2.85,2.85,2.50,2.52,3019438,0
01/15/2010,16:00,2.57,2.76,2.45,2.52,2235895,0
01/22/2010,16:00,2.56,2.67,2.45,2.52,1345144,0
01/29/2010,16:00,2.56,2.69,2.38,2.39,1792026,0
02/05/2010,16:00,2.40,2.60,2.36,2.47,2869067,0
02/12/2010,16:00,2.47,2.53,2.30,2.46,1097862,0
02/19/2010,16:00,2.47,2.55,2.42,2.49,617066,0
02/26/2010,16:00,2.49,2.49,2.24,2.24,1254089,0
03/05/2010,16:00,2.28,2.53,2.28,2.50,1121181,0
03/12/2010,16:00,2.49,2.55,2.40,2.51,810478,0
03/19/2010,16:00,2.50,2.72,2.42,2.42,1751037,0
03/26/2010,16:00,2.41,2.87,2.41,2.80,2197417,0
04/02/2010,16:00,2.81,2.87,2.65,2.68,910533,0
04/09/2010,16:00,2.69,2.96,2.63,2.66,1081795,0
04/16/2010,16:00,2.66,3.24,2.64,3.02,2386584,0
04/23/2010,16:00,2.99,4.25,2.95,3.81,23656704,0
04/30/2010,16:00,3.82,3.87,3.62,3.70,2993212,0
05/07/2010,16:00,3.70,3.83,3.44,3.45,3461219,0
05/14/2010,16:00,3.60,4.19,3.51,3.69,2777568,0
05/21/2010,16:00,3.70,3.83,3.32,3.48,1679288,0
05/28/2010,16:00,3.49,3.90,3.32,3.82,1880973,0
06/04/2010,16:00,3.78,3.95,3.57,3.60,1862655,0
06/11/2010,16:00,3.62,3.62,3.03,3.22,1478548,0
06/18/2010,16:00,3.25,3.33,3.16,3.29,969750,0
06/25/2010,16:00,3.33,3.45,3.26,3.45,1800120,0
07/02/2010,16:00,3.39,3.49,2.88,3.08,1070437,0
07/09/2010,16:00,3.12,3.20,2.87,2.99,1075608,0
07/16/2010,16:00,2.97,3.21,2.86,2.93,1073875,0
07/23/2010,16:00,2.93,3.35,2.82,3.34,1195930,0
07/30/2010,16:00,3.35,3.48,3.09,3.17,1155493,0
08/06/2010,16:00,3.23,3.40,3.12,3.22,1045400,0
08/13/2010,16:00,3.24,3.35,2.90,2.90,862665,0
08/20/2010,16:00,2.88,3.03,2.67,2.79,1092520,0
08/27/2010,16:00,2.82,2.88,2.64,2.81,1013420,0
09/03/2010,16:00,2.79,2.89,2.65,2.81,738172,0
09/10/2010,16:00,2.80,2.94,2.66,2.85,585676,0
09/17/2010,16:00,2.89,3.16,2.85,3.06,1256974,0
09/24/2010,16:00,3.06,3.15,3.03,3.14,1069508,0
10/01/2010,16:00,3.13,3.28,3.07,3.11,782258,0
10/08/2010,16:00,3.35,3.45,3.15,3.29,1518824,0
10/15/2010,16:00,3.30,3.55,3.25,3.46,1124725,0
10/22/2010,16:00,3.47,3.59,3.28,3.33,961077,0
10/29/2010,16:00,3.41,3.53,3.16,3.24,900269,0
11/05/2010,16:00,3.25,3.60,3.06,3.43,875895,0
11/12/2010,16:00,3.60,3.60,3.28,3.30,668256,0
11/19/2010,16:00,3.31,3.48,3.09,3.20,1022058,0
11/26/2010,16:00,3.19,3.21,3.08,3.15,595017,0
12/03/2010,16:00,3.12,3.43,3.08,3.20,925802,0
12/10/2010,16:00,3.21,3.47,3.15,3.28,1708443,0
12/17/2010,16:00,3.28,3.35,3.16,3.16,1072888,0
12/24/2010,16:00,3.16,3.23,2.97,3.11,1149705,0
12/31/2010,16:00,3.11,3.14,2.93,2.99,883759,0
01/07/2011,16:00,3.02,3.28,2.99,3.25,1687638,0
01/14/2011,16:00,3.24,3.30,3.15,3.24,1297731,0
01/21/2011,16:00,3.25,3.28,2.96,2.96,960360,0
01/28/2011,16:00,2.99,3.11,2.75,2.83,1281607,0
02/04/2011,16:00,2.85,3.09,2.81,2.99,1365702,0
02/11/2011,16:00,3.01,3.05,2.88,2.90,857139,0
02/18/2011,16:00,2.90,2.99,2.80,2.81,975560,0
02/25/2011,16:00,2.79,2.98,2.66,2.94,841976,0
03/04/2011,16:00,2.98,2.98,2.71,2.90,1080951,0
03/11/2011,16:00,2.92,3.28,2.80,3.11,1870915,0
03/18/2011,16:00,3.08,3.10,2.86,3.00,1159776,0
03/25/2011,16:00,3.03,3.09,2.96,3.05,1074360,0
04/01/2011,16:00,3.08,3.11,2.98,3.08,2294253,0
04/08/2011,16:00,3.13,3.41,3.07,3.16,2828189,0
04/15/2011,16:00,3.15,3.16,3.00,3.05,1276649,0
04/22/2011,16:00,3.00,3.04,2.88,2.98,984682,0
04/29/2011,16:00,3.00,3.11,2.95,3.09,1412019,0
05/06/2011,16:00,3.12,3.15,2.64,2.70,1765694,0
05/13/2011,16:00,2.70,2.94,2.70,2.91,1007458,0
05/20/2011,16:00,2.88,2.98,2.71,2.72,1135478,0
05/27/2011,16:00,2.70,2.79,2.55,2.64,1568140,0
06/03/2011,16:00,2.67,2.69,2.49,2.52,1325038,0
06/10/2011,16:00,2.53,2.63,2.28,2.39,1793957,0
06/17/2011,16:00,2.38,2.50,2.05,2.13,2598044,0
06/24/2011,16:00,2.14,2.30,2.09,2.15,2787991,0
07/01/2011,16:00,2.15,2.35,2.14,2.31,1333773,0
07/08/2011,16:00,2.30,2.66,2.25,2.58,1046744,0
07/15/2011,16:00,2.55,2.59,2.38,2.50,1292543,0
07/22/2011,16:00,2.49,2.54,2.39,2.41,832320,0
07/29/2011,16:00,2.38,2.43,2.05,2.12,5672256,0
08/05/2011,16:00,2.15,2.35,2.02,2.15,2473050,0
08/12/2011,16:00,2.04,2.39,1.98,2.23,2375857,0
08/19/2011,16:00,2.27,2.32,2.03,2.20,1644245,0
08/26/2011,16:00,2.23,2.24,2.10,2.17,1596298,0
09/02/2011,16:00,2.19,2.35,2.02,2.16,1344993,0
09/09/2011,16:00,2.07,2.23,2.01,2.04,966446,0
09/16/2011,16:00,2.01,2.10,1.95,2.10,3120187,0
09/23/2011,16:00,2.10,2.33,2.03,2.18,1215603,0
09/30/2011,16:00,2.20,2.23,1.95,1.95,1581186,0
10/07/2011,16:00,1.93,2.17,1.70,1.99,1927886,0
10/14/2011,16:00,2.02,2.32,1.87,2.29,1306270,0
10/21/2011,16:00,2.26,2.43,2.20,2.37,1776924,0
10/28/2011,16:00,2.33,2.56,2.32,2.44,1797637,0
11/04/2011,16:00,2.42,2.87,2.30,2.83,2300613,0
11/11/2011,16:00,2.82,2.82,2.40,2.45,2209057,0
11/18/2011,16:00,2.46,2.50,2.23,2.33,1036767,0
11/25/2011,16:00,2.28,2.38,2.09,2.11,795945,0
12/02/2011,16:00,2.17,2.26,1.58,2.12,1851282,0
12/09/2011,16:00,2.15,2.36,2.11,2.30,1456109,0
12/16/2011,16:00,2.33,2.43,2.20,2.32,1265559,0
12/23/2011,16:00,2.33,2.38,2.01,2.05,1304187,0
12/30/2011,16:00,2.05,2.19,1.96,2.16,959380,0
01/06/2012,16:00,2.19,2.26,2.05,2.06,1025674,0
01/13/2012,16:00,2.05,2.54,1.98,2.38,1919358,0
01/20/2012,16:00,2.39,2.48,2.26,2.41,1171032,0
01/27/2012,16:00,2.40,2.42,2.22,2.38,1237376,0
02/03/2012,16:00,2.38,3.05,2.32,3.01,4539056,0
02/10/2012,16:00,3.00,3.33,2.55,2.66,12030733,0
02/17/2012,16:00,2.70,2.87,2.63,2.86,4942853,0
02/24/2012,16:00,2.87,2.87,2.72,2.80,3556745,0
03/02/2012,16:00,2.79,3.02,2.75,2.86,6397246,0
03/09/2012,16:00,2.86,3.14,2.78,3.05,3044417,0
03/16/2012,16:00,3.05,3.27,2.94,3.16,5610799,0
03/23/2012,16:00,3.19,3.28,3.12,3.24,3602077,0
03/30/2012,16:00,3.26,3.41,3.21,3.41,3394001,0
04/06/2012,16:00,3.39,3.80,3.24,3.68,4679621,0
04/13/2012,16:00,3.66,3.70,3.26,3.35,4781102,0
04/20/2012,16:00,3.38,3.64,3.29,3.49,3281814,0
04/27/2012,16:00,3.44,3.73,3.36,3.62,2338567,0
05/04/2012,16:00,3.64,3.64,3.21,3.23,5929999,0
05/11/2012,16:00,3.22,3.48,3.15,3.48,2989258,0
05/18/2012,16:00,3.44,4.10,3.39,3.58,7831609,0
05/25/2012,16:00,3.60,3.71,3.32,3.46,3969662,0
06/01/2012,16:00,3.54,3.54,3.16,3.42,4648349,0
06/08/2012,16:00,3.45,3.59,3.00,3.21,5985375,0
06/15/2012,16:00,3.23,3.24,3.04,3.21,2975360,0
06/22/2012,16:00,3.17,3.54,3.16,3.51,5113896,0
06/29/2012,16:00,3.48,3.72,3.30,3.47,3183968,0
07/06/2012,16:00,3.48,3.63,3.36,3.50,2583874,0
07/13/2012,16:00,3.48,3.54,3.30,3.49,3162094,0
07/20/2012,16:00,3.47,4.43,3.46,4.31,7046862,0
07/27/2012,16:00,4.25,4.93,4.20,4.82,7052011,0
08/03/2012,16:00,4.84,5.39,4.18,4.51,8828213,0
08/10/2012,16:00,4.53,4.77,4.48,4.55,4568162,0
08/17/2012,16:00,4.56,5.61,4.47,5.50,6970150,0
08/24/2012,16:00,5.51,5.83,5.30,5.68,4564798,0
08/31/2012,16:00,5.73,5.94,5.45,5.54,3798416,0
09/07/2012,16:00,5.59,5.80,5.48,5.55,3140204,0
09/14/2012,16:00,5.56,5.69,5.30,5.39,3790217,0
09/21/2012,16:00,5.36,5.85,5.25,5.80,4767108,0
09/28/2012,16:00,5.77,6.16,5.40,5.85,5829728,0
10/05/2012,16:00,5.90,6.17,5.54,5.91,4360372,0
10/12/2012,16:00,5.87,5.91,5.05,5.08,3739577,0
10/19/2012,16:00,5.09,5.16,4.43,4.49,4190235,0
10/26/2012,16:00,4.50,4.56,4.26,4.27,3462893,0
11/02/2012,16:00,4.26,4.35,3.95,4.08,3329863,0
11/09/2012,16:00,4.09,4.57,3.49,3.50,11080909,0
11/16/2012,16:00,3.55,3.62,3.25,3.32,10620333,0
11/23/2012,16:00,3.35,3.59,3.31,3.40,3888396,0
11/30/2012,16:00,3.40,3.97,3.30,3.91,9031885,0
12/07/2012,16:00,3.92,3.95,3.47,3.64,4042523,0
12/14/2012,16:00,3.63,3.96,3.51,3.67,6693850,0
12/21/2012,16:00,3.68,3.80,3.41,3.58,14342581,0
12/28/2012,16:00,3.58,3.74,3.51,3.60,2325144,0
01/04/2013,16:00,3.57,4.21,3.49,4.11,3874380,0
01/11/2013,16:00,4.08,4.40,4.02,4.17,3495548,0
01/18/2013,16:00,4.20,4.33,3.90,3.99,3172807,0
01/25/2013,16:00,3.99,4.07,3.85,3.88,2085043,0
02/01/2013,16:00,3.90,3.94,3.66,3.78,2973399,0
02/08/2013,16:00,3.75,4.05,3.74,3.77,3116582,0
02/15/2013,16:00,3.78,3.98,3.74,3.87,3719852,0
02/22/2013,16:00,3.89,4.13,3.85,4.07,3244815,0
03/01/2013,16:00,4.09,4.28,3.69,4.27,5033710,0
03/08/2013,16:00,4.23,4.53,4.11,4.45,3893404,0
03/15/2013,16:00,4.40,4.44,3.96,4.07,5647144,0
03/22/2013,16:00,4.01,4.33,3.95,4.29,2774827,0
03/29/2013,16:00,4.61,5.00,4.51,4.91,5757590,0
04/05/2013,16:00,4.95,5.15,4.70,5.06,4791452,0
04/12/2013,16:00,5.10,5.54,4.84,5.48,5252065,0
04/19/2013,16:00,5.40,5.91,5.07,5.72,6324729,0
04/26/2013,16:00,5.69,6.56,5.58,5.98,9281080,0
05/03/2013,16:00,6.03,6.18,5.65,5.94,5702907,0
05/10/2013,16:00,5.95,5.95,5.04,5.44,6876318,0
05/17/2013,16:00,5.41,6.10,5.38,5.89,5642905,0
05/24/2013,16:00,5.88,6.09,5.52,5.85,5113488,0
05/31/2013,16:00,5.84,6.30,5.81,5.84,5927207,0
06/07/2013,16:00,6.08,6.09,4.85,5.01,15128809,0
06/14/2013,16:00,5.01,5.14,4.42,5.01,9370157,0
06/21/2013,16:00,5.10,5.18,4.60,5.01,10925607,0
06/28/2013,16:00,4.92,4.98,4.48,4.54,7015262,0
07/05/2013,16:00,4.54,5.08,4.54,4.97,4171745,0
07/12/2013,16:00,5.00,5.62,4.86,5.53,5886323,0
07/19/2013,16:00,5.57,5.60,5.30,5.40,4152974,0
07/26/2013,16:00,5.42,6.64,5.41,6.36,20196964,0
08/02/2013,16:00,6.35,7.10,6.26,6.92,12745157,0
08/09/2013,16:00,6.93,6.93,6.03,6.23,10329038,0
08/16/2013,16:00,6.17,6.34,6.01,6.10,6612077,0
08/23/2013,16:00,6.06,6.21,5.92,6.02,5250618,0
08/30/2013,16:00,6.02,6.25,5.52,5.61,5385441,0
09/06/2013,16:00,5.69,5.98,5.52,5.65,5195926,0
09/13/2013,16:00,5.68,6.18,5.56,6.12,12390860,0
09/20/2013,16:00,6.24,6.52,6.06,6.30,11999887,0
09/27/2013,16:00,6.29,6.31,5.84,6.10,8057306,0
10/04/2013,16:00,6.08,6.66,6.01,6.49,16075413,0
10/11/2013,16:00,6.43,6.47,5.21,5.53,11617401,0
10/18/2013,16:00,5.51,5.74,5.33,5.44,6711142,0
10/25/2013,16:00,5.44,5.71,5.25,5.52,4843488,0
11/01/2013,16:00,5.54,5.66,4.83,5.13,9372604,0
11/08/2013,16:00,5.20,5.90,5.20,5.59,14122592,0
11/15/2013,16:00,5.61,5.79,5.35,5.68,5278508,0
11/22/2013,16:00,5.71,5.75,4.97,5.22,7557228,0
11/29/2013,16:00,5.24,5.80,4.81,5.72,7892249,0
12/06/2013,16:00,5.64,6.07,5.57,5.98,12705104,0
12/13/2013,16:00,5.99,6.00,4.80,5.00,8585451,0
12/20/2013,16:00,5.00,5.08,4.76,4.85,8793742,0
12/27/2013,16:00,4.88,4.92,4.63,4.67,5021920,0
01/03/2014,16:00,4.62,5.05,4.54,5.01,5774269,0
01/10/2014,16:00,5.01,5.38,4.81,5.31,7139806,0
01/17/2014,16:00,5.34,5.61,5.19,5.53,5885307,0
01/24/2014,16:00,5.58,5.64,4.97,5.03,4889188,0
01/31/2014,16:00,5.03,5.23,4.76,4.81,5804563,0
02/07/2014,16:00,4.81,4.98,4.32,4.57,10231144,0
02/14/2014,16:00,4.59,5.05,4.58,4.95,5548370,0
02/21/2014,16:00,4.97,5.09,4.67,4.89,4698402,0
02/28/2014,16:00,4.94,5.18,4.71,4.82,5497294,0
03/07/2014,16:00,5.12,5.19,4.82,5.04,6832598,0
03/14/2014,16:00,5.04,5.15,4.85,5.11,6219826,0
03/21/2014,16:00,5.13,5.48,4.95,5.18,7639165,0
03/28/2014,16:00,5.21,5.21,4.47,4.47,9519493,0
04/04/2014,16:00,4.52,4.94,4.09,4.17,9189109,0
04/11/2014,16:00,4.15,4.49,3.78,3.83,8862088,0
04/18/2014,16:00,3.94,3.98,3.39,3.79,8253553,0
04/25/2014,16:00,3.85,4.22,3.62,3.86,10175800,0
05/02/2014,16:00,3.86,4.37,3.46,4.04,9417082,0
05/09/2014,16:00,3.95,4.02,3.57,3.94,8802216,0
05/16/2014,16:00,3.99,4.33,3.71,4.02,8453697,0
05/23/2014,16:00,3.98,4.11,3.83,4.10,9172120,0
05/30/2014,16:00,4.12,4.44,3.98,4.20,7046154,0
06/06/2014,16:00,4.25,4.32,3.96,4.31,7976920,0
06/13/2014,16:00,4.33,4.42,4.23,4.34,7883506,0
06/20/2014,16:00,4.33,4.48,4.31,4.39,7261089,0
06/27/2014,16:00,4.38,4.43,4.18,4.25,9493450,0
07/04/2014,16:00,4.24,4.81,4.21,4.71,6641211,0
07/11/2014,16:00,4.71,4.72,3.97,4.07,6266954,0
07/18/2014,16:00,4.12,4.22,3.65,3.91,6649636,0
07/25/2014,16:00,3.89,4.75,3.81,4.18,17606823,0
08/01/2014,16:00,4.21,4.28,3.89,3.97,6119728,0
08/08/2014,16:00,4.00,4.17,3.84,4.01,3875900,0
08/15/2014,16:00,4.03,4.15,3.70,3.87,6266344,0
08/22/2014,16:00,3.94,4.05,3.69,3.74,4411124,0
08/29/2014,16:00,3.76,4.03,3.73,3.95,6078260,0
09/05/2014,16:00,3.97,4.02,3.56,3.63,6216747,0
09/12/2014,16:00,3.59,3.74,3.51,3.64,5382998,0
09/19/2014,16:00,3.62,3.90,3.51,3.76,7702033,0
09/26/2014,16:00,3.73,3.96,3.60,3.83,6392805,0
10/03/2014,16:00,3.77,3.84,3.33,3.54,6046040,0
10/10/2014,16:00,3.54,3.58,3.03,3.13,7250203,0
10/17/2014,16:00,3.13,3.52,2.98,3.32,6223689,0
10/24/2014,16:00,3.30,3.62,3.30,3.60,4934802,0
10/31/2014,16:00,3.58,3.98,3.49,3.59,8827488,0
11/07/2014,16:00,3.58,3.91,3.56,3.88,8612595,0
11/14/2014,16:00,3.85,3.98,3.54,3.56,6634359,0
11/21/2014,16:00,3.55,3.87,3.51,3.76,5663984,0
11/28/2014,16:00,3.80,4.19,3.79,4.03,4217600,0
12/05/2014,16:00,3.96,5.02,3.86,4.93,35622105,0
12/12/2014,16:00,4.93,5.04,4.77,4.86,17892419,0
12/19/2014,16:00,4.86,4.94,4.50,4.86,12919553,0
12/26/2014,16:00,4.85,4.88,4.55,4.75,4633447,0
01/02/2015,16:00,4.75,4.90,4.69,4.83,4104575,0
01/09/2015,16:00,4.81,4.86,4.48,4.67,7040720,0
01/16/2015,16:00,4.69,4.85,4.19,4.49,8293653,0
01/23/2015,16:00,4.52,7.58,4.45,7.11,42882419,0
01/30/2015,16:00,7.00,8.01,6.86,7.16,35481358,0
02/06/2015,16:00,7.13,7.90,6.91,7.49,14739404,0
02/13/2015,16:00,7.47,8.24,7.39,8.05,18288107,0
02/20/2015,16:00,8.08,8.55,8.04,8.24,9928040,0
02/27/2015,16:00,8.26,8.51,7.76,7.96,14044980,0
03/06/2015,16:00,8.09,8.59,7.90,8.06,15211477,0
03/13/2015,16:00,8.09,8.40,7.80,8.15,9785395,0
03/20/2015,16:00,8.18,8.29,7.88,8.00,10968720,0
03/27/2015,16:00,7.97,8.24,6.99,7.40,11657059,0
04/03/2015,16:00,7.43,7.65,7.02,7.44,7896332,0
04/10/2015,16:00,7.40,7.67,7.28,7.56,6447176,0
04/17/2015,16:00,7.57,7.65,7.23,7.30,5290555,0
04/24/2015,16:00,7.35,7.51,7.13,7.19,4301327,0
05/01/2015,16:00,7.22,7.29,6.16,6.32,9705790,0
05/08/2015,16:00,7.13,7.49,6.50,7.48,18696849,0
05/15/2015,16:00,7.51,7.58,7.03,7.23,7725228,0
05/22/2015,16:00,7.24,7.56,7.12,7.52,8820894,0
05/29/2015,16:00,7.45,7.76,7.43,7.65,6427969,0
06/05/2015,16:00,7.70,7.85,7.48,7.66,7181457,0
06/12/2015,16:00,7.67,7.82,7.50,7.56,7814164,0
06/19/2015,16:00,7.49,7.80,7.03,7.77,8865034,0
06/26/2015,16:00,7.80,8.04,7.32,7.43,7292544,0
07/03/2015,16:00,7.33,7.42,6.84,6.89,8274992,0
07/10/2015,16:00,6.83,7.01,6.56,6.84,8780838,0
07/17/2015,16:00,6.87,7.24,6.80,6.92,6340587,0
07/24/2015,16:00,6.91,6.98,6.00,6.19,8387149,0
07/31/2015,16:00,6.09,6.13,5.61,5.81,9102599,0
08/07/2015,16:00,6.04,6.23,5.53,5.72,12442509,0
08/14/2015,16:00,5.74,6.04,5.62,5.70,7566399,0
08/21/2015,16:00,5.70,5.90,5.13,5.45,5863631,0
08/28/2015,16:00,5.23,5.95,5.13,5.94,10309238,0
09/04/2015,16:00,5.94,6.04,5.52,5.62,9286816,0
09/11/2015,16:00,5.74,5.98,5.65,5.88,4469554,0
09/18/2015,16:00,5.88,5.97,5.44,5.45,8135734,0
09/25/2015,16:00,5.50,5.68,4.79,4.93,9677621,0
10/02/2015,16:00,4.88,5.12,4.44,5.11,15111727,0
10/09/2015,16:00,5.20,5.21,4.71,5.09,8787848,0
10/16/2015,16:00,5.13,5.57,4.82,5.35,10075895,0
10/23/2015,16:00,5.34,5.54,5.01,5.29,8152474,0
10/30/2015,16:00,5.30,5.39,5.01,5.12,6705161,0
11/06/2015,16:00,5.12,5.44,4.90,5.03,8819960,0
11/13/2015,16:00,5.05,5.08,4.39,4.40,11665217,0
11/20/2015,16:00,4.50,4.51,3.97,4.02,18111996,0
11/27/2015,16:00,4.00,4.12,3.82,4.04,13276048,0
12/04/2015,16:00,3.98,4.09,3.85,3.93,18210341,0
12/11/2015,16:00,3.94,3.98,3.72,3.86,11137528,0
12/18/2015,16:00,3.87,5.20,3.81,4.42,34926905,0
12/25/2015,16:00,4.44,4.50,4.20,4.25,5848234,0
01/01/2016,16:00,4.23,4.38,4.10,4.22,9122227,0
01/08/2016,16:00,4.13,4.18,3.63,3.64,10105537,0
01/15/2016,16:00,3.68,3.73,3.14,3.38,13691891,0
01/22/2016,16:00,3.43,3.48,2.99,3.33,12741358,0
01/29/2016,16:00,3.30,3.46,2.96,3.09,15937158,0
02/05/2016,16:00,3.07,3.17,2.78,2.91,19711920,0
02/12/2016,16:00,2.88,2.94,2.39,2.62,12939298,0
02/19/2016,16:00,2.68,2.92,2.67,2.84,6182327,0
02/26/2016,16:00,2.89,2.93,2.44,2.60,8740802,0
03/04/2016,16:00,2.60,3.10,2.50,3.00,10045837,0
03/11/2016,16:00,3.00,3.22,2.78,2.90,7505730,0
03/18/2016,16:00,2.90,3.00,2.50,2.69,7804388,0
03/25/2016,16:00,2.70,2.96,2.62,2.86,5767127,0
04/01/2016,16:00,2.87,3.09,2.60,3.00,9785156,0
04/08/2016,16:00,3.14,3.16,2.87,3.00,7353784,0
04/15/2016,16:00,3.03,3.22,2.93,3.17,4848782,0
04/22/2016,16:00,3.17,3.31,3.12,3.25,6301842,0
04/29/2016,16:00,3.25,3.39,3.11,3.19,8058884,0
05/06/2016,16:00,3.21,3.37,2.93,2.94,11465414,0
05/13/2016,16:00,2.93,3.08,2.70,2.86,6421215,0
05/20/2016,16:00,2.88,3.31,2.81,3.31,7942536,0
05/27/2016,16:00,3.31,3.61,3.26,3.60,7970755,0
06/03/2016,16:00,3.67,3.99,3.66,3.79,12297770,0
06/10/2016,16:00,3.90,4.29,3.36,3.51,22177489,0
06/17/2016,16:00,3.49,3.59,3.18,3.25,11151607,0
06/24/2016,16:00,3.33,3.58,3.23,3.45,10902832,0
07/01/2016,16:00,3.40,3.82,3.22,3.63,8886391,0
07/08/2016,16:00,3.64,3.79,3.56,3.71,5363313,0
07/15/2016,16:00,3.72,3.83,3.64,3.70,5566342,0
07/22/2016,16:00,3.69,3.72,3.51,3.62,3449856,0
07/29/2016,16:00,3.62,3.89,3.59,3.74,4590149,0
08/05/2016,16:00,3.75,4.65,3.74,4.54,15613112,0
08/12/2016,16:00,4.52,4.59,3.30,3.53,16697984,0
08/19/2016,16:00,3.53,3.69,3.23,3.24,8982729,0
08/26/2016,16:00,3.26,3.52,3.10,3.24,9054198,0
09/02/2016,16:00,3.30,3.75,3.29,3.50,13626556,0
09/09/2016,16:00,3.52,3.77,3.42,3.42,7101704,0
09/16/2016,16:00,3.40,3.64,3.40,3.48,12795310,0
09/23/2016,16:00,3.52,3.74,3.49,3.65,11669747,0
09/30/2016,16:00,4.65,7.27,4.59,6.75,205930703,0
10/07/2016,16:00,6.65,7.05,6.45,6.60,30886074,0
10/14/2016,16:00,6.63,6.97,6.48,6.59,19949191,0
10/21/2016,16:00,6.56,6.64,6.16,6.42,17886802,0
10/28/2016,16:00,6.43,6.44,5.72,5.83,13267693,0
11/04/2016,16:00,5.83,6.20,5.36,5.86,25104424,0
11/11/2016,16:00,5.94,6.96,5.82,6.74,28216246,0
11/18/2016,16:00,6.81,7.96,6.54,7.93,24694229,0
11/25/2016,16:00,8.06,8.19,7.27,8.00,12796654,0
12/02/2016,16:00,7.95,8.30,7.76,8.21,17947019,0
12/09/2016,16:00,8.29,8.97,8.20,8.66,21744250,0
12/16/2016,16:00,8.64,8.95,8.31,8.75,17663599,0
12/23/2016,16:00,8.73,9.00,8.50,8.80,10888487,0
12/30/2016,16:00,8.76,8.99,8.57,8.79,8275909,0
01/06/2017,16:00,9.00,9.25,8.50,8.94,16665969,0
01/13/2017,16:00,9.01,11.22,8.88,10.87,34959766,0
01/20/2017,16:00,10.90,11.65,10.51,11.36,23072799,0
01/27/2017,16:00,11.37,11.65,10.71,11.19,16809529,0
02/03/2017,16:00,10.77,11.05,10.16,10.76,19050264,0
02/10/2017,16:00,10.76,13.40,10.40,11.99,30868264,0
02/17/2017,16:00,12.03,12.23,10.95,11.37,21409848,0
02/24/2017,16:00,11.46,11.53,10.31,10.56,10098744,0
03/03/2017,16:00,10.50,12.05,10.50,11.76,22121292,0
03/10/2017,16:00,11.76,12.15,10.86,10.99,17191989,0
03/17/2017,16:00,10.97,11.50,10.25,10.56,21996974,0
03/24/2017,16:00,9.46,10.31,8.93,9.46,35832119,0
03/31/2017,16:00,9.34,9.60,8.77,8.94,15866255,0
04/07/2017,16:00,8.96,9.07,8.24,8.54,16594132,0
04/14/2017,16:00,8.55,8.60,8.25,8.46,9127036,0
04/21/2017,16:00,8.46,8.54,7.84,8.25,14548104,0
04/28/2017,16:00,8.33,8.98,8.16,8.67,10107039,0
05/05/2017,16:00,8.71,8.78,7.06,7.18,33165718,0
05/12/2017,16:00,7.41,9.24,6.73,8.32,39114977,0
05/19/2017,16:00,8.33,8.41,7.78,8.24,14668217,0
05/26/2017,16:00,8.23,8.51,8.06,8.16,9977388,0
06/02/2017,16:00,8.57,8.60,7.51,8.18,17026999,0
06/09/2017,16:00,8.59,8.60,7.52,7.68,14948480,0
06/16/2017,16:00,7.66,7.92,7.43,7.52,11872906,0
06/23/2017,16:00,7.55,9.10,7.50,9.07,22749338,0
06/30/2017,16:00,9.17,9.18,8.26,8.37,10919888,0
07/07/2017,16:00,8.38,9.06,8.25,8.35,10689766,0
07/14/2017,16:00,8.31,8.63,7.93,8.60,10382133,0
07/21/2017,16:00,8.62,8.75,8.15,8.24,10933084,0
07/28/2017,16:00,8.23,8.23,7.33,7.72,14358486,0
08/04/2017,16:00,7.71,8.24,7.15,8.11,11228534,0
08/11/2017,16:00,8.04,8.88,7.85,8.62,17427210,0
08/18/2017,16:00,8.65,9.08,8.56,8.77,11114762,0
08/25/2017,16:00,8.76,10.11,8.50,9.22,21664756,0
09/01/2017,16:00,9.51,9.91,9.15,9.85,16447672,0
09/08/2017,16:00,9.84,12.03,9.35,10.98,31659174,0
09/15/2017,16:00,11.85,11.93,9.60,10.82,64004669,0
09/22/2017,16:00,10.81,11.81,10.56,11.32,24291386,0
09/29/2017,16:00,11.17,12.47,11.17,12.30,20190934,0
10/06/2017,16:00,12.31,12.68,11.87,12.32,10864235,0
10/13/2017,16:00,12.31,12.50,12.10,12.36,10997134,0
10/20/2017,16:00,12.24,12.52,11.08,11.08,11286120,0
10/27/2017,16:00,11.00,11.04,9.98,10.91,16852024,0
11/03/2017,16:00,10.80,11.13,10.25,11.13,19020367,0
11/10/2017,16:00,11.12,11.55,10.67,11.00,11928743,0
11/17/2017,16:00,11.05,11.91,10.21,11.52,18499519,0
11/24/2017,16:00,11.27,11.62,10.96,11.48,8344502,0
12/01/2017,16:00,11.52,11.63,10.80,11.15,12524086,0
12/08/2017,16:00,11.28,11.58,10.36,11.25,13760853,0
12/15/2017,16:00,11.34,11.72,10.68,10.92,18368422,0
12/22/2017,16:00,10.98,12.56,10.54,12.27,19137668,0
12/29/2017,16:00,12.30,13.17,12.05,12.80,9727231,0
01/05/2018,16:00,12.80,14.13,12.80,13.17,14994413,0
01/12/2018,16:00,13.17,14.40,12.09,13.71,20272157,0
01/19/2018,16:00,13.73,13.82,12.62,13.14,12488059,0
01/26/2018,16:00,14.96,16.36,14.26,14.39,39171534,0
02/02/2018,16:00,14.42,15.67,14.08,14.88,18181493,0
02/09/2018,16:00,14.25,18.24,14.09,17.03,38122221,0
02/16/2018,16:00,17.03,17.79,16.40,16.98,17989800,0
02/23/2018,16:00,16.90,18.30,16.90,18.15,12844156,0
03/02/2018,16:00,18.37,18.60,17.16,17.96,12321008,0
03/09/2018,16:00,17.94,18.78,17.51,18.05,11973590,0
03/16/2018,16:00,18.19,18.27,16.65,16.83,15136918,0
03/23/2018,16:00,16.75,17.26,16.08,16.50,14250754,0
03/30/2018,16:00,16.77,17.42,15.29,16.32,10972262,0
04/06/2018,16:00,16.31,16.43,14.77,14.94,13713574,0
04/13/2018,16:00,15.05,15.60,14.30,15.16,14182142,0
04/20/2018,16:00,15.25,15.61,14.08,14.09,9837134,0
04/27/2018,16:00,14.15,14.48,13.46,14.01,8484981,0
05/04/2018,16:00,14.11,14.16,13.43,13.66,9941360,0
05/11/2018,16:00,13.79,15.10,12.80,15.04,20082402,0
05/18/2018,16:00,15.04,16.09,15.02,15.75,10312638,0
05/25/2018,16:00,15.78,16.08,15.27,15.89,9673092,0
06/01/2018,16:00,15.82,17.10,15.65,16.99,7634071,0
06/08/2018,16:00,17.41,18.33,15.53,18.09,15731706,0
06/15/2018,16:00,18.09,18.76,17.36,17.93,13925286,0
06/22/2018,16:00,17.90,20.21,17.15,19.37,21543594,0
06/29/2018,16:00,19.58,19.78,16.15,16.78,21180754,0
07/06/2018,16:00,16.41,18.09,15.95,18.03,9135129,0
07/13/2018,16:00,18.13,18.18,16.66,17.07,9391921,0
07/20/2018,16:00,17.10,17.50,16.43,16.98,7891740,0
07/27/2018,16:00,16.89,16.98,14.95,15.08,11630838,0
08/03/2018,16:00,15.04,15.99,14.70,15.12,10263913,0
08/10/2018,16:00,15.09,16.37,14.76,14.80,9035920,0
08/17/2018,16:00,14.81,15.30,13.58,14.10,15381316,0
08/24/2018,16:00,14.07,14.53,13.31,14.23,11619346,0
08/31/2018,16:00,14.31,15.71,14.22,15.57,9782300,0
09/07/2018,16:00,15.50,15.55,14.27,14.48,7805344,0
09/14/2018,16:00,14.56,14.56,13.56,13.85,8620125,0
09/21/2018,16:00,13.90,15.31,13.57,15.30,12861937,0
09/28/2018,16:00,15.18,15.53,14.58,15.20,11773842,0
10/05/2018,16:00,15.23,15.76,13.48,13.98,13674588,0
10/12/2018,16:00,13.94,14.19,12.56,13.66,10969021,0
10/19/2018,16:00,13.67,15.96,13.44,15.15,16487379,0
10/26/2018,16:00,15.22,15.30,13.66,14.56,12738050,0
11/02/2018,16:00,14.82,17.29,14.12,16.47,22039046,0
11/09/2018,16:00,16.53,17.47,16.09,16.73,14593835,0
11/16/2018,16:00,16.67,16.68,14.35,16.38,12958151,0
11/23/2018,16:00,16.21,16.25,14.60,15.64,7456357,0
11/30/2018,16:00,15.88,16.34,15.38,15.93,8993174,0
12/07/2018,16:00,16.00,16.78,15.13,15.21,9734002,0
12/14/2018,16:00,15.23,16.34,14.82,15.97,10645532,0
12/21/2018,16:00,15.83,16.43,13.48,13.59,19350826,0
12/28/2018,16:00,13.37,14.65,13.06,13.96,7930455,0
01/04/2019,16:00,14.12,15.77,13.81,15.70,11504648,0
01/11/2019,16:00,16.09,17.96,16.09,17.71,15554181,0
01/18/2019,16:00,17.55,18.19,16.77,17.53,15778620,0
01/25/2019,16:00,17.33,18.20,16.61,17.90,10652591,0
02/01/2019,16:00,17.50,19.26,17.43,19.20,15066359,0
02/08/2019,16:00,19.41,22.80,18.42,21.81,42336826,0
02/15/2019,16:00,21.82,23.19,20.97,23.13,22579739,0
02/22/2019,16:00,23.13,23.76,22.28,23.24,13755815,0
03/01/2019,16:00,23.52,23.76,22.82,23.33,14758456,0
03/08/2019,16:00,23.41,23.78,21.37,21.82,15876328,0
03/15/2019,16:00,21.93,24.56,21.76,23.64,18232890,0
03/22/2019,16:00,23.64,24.76,22.47,22.49,11654366,0
03/29/2019,16:00,22.49,24.40,22.22,24.38,9696317,0
04/05/2019,16:00,24.55,25.05,23.98,24.44,12186528,0
04/12/2019,16:00,24.23,24.84,23.81,23.87,6663584,0
