"Date","Time","Open","High","Low","Close","Vol","OI"
02/01/2008,16:00,3.07,3.87,1.87,3.08,1918422,0
02/08/2008,16:00,3.07,3.28,2.24,2.58,67450,0
02/15/2008,16:00,2.62,2.74,2.57,2.57,68391,0
02/22/2008,16:00,2.77,3.87,2.67,3.19,115552,0
02/29/2008,16:00,3.12,3.97,2.87,3.87,34878,0
03/07/2008,16:00,3.66,4.44,3.62,4.41,33976,0
03/14/2008,16:00,4.05,6.49,4.03,5.37,61152,0
03/21/2008,16:00,5.56,5.56,2.92,3.11,86241,0
03/28/2008,16:00,2.98,4.08,1.59,2.28,287845,0
04/04/2008,16:00,2.19,5.48,2.09,4.59,56583,0
04/11/2008,16:00,4.07,4.07,3.08,3.35,96385,0
04/18/2008,16:00,3.35,4.57,3.32,4.17,34232,0
04/25/2008,16:00,4.60,5.41,3.98,4.07,51013,0
05/02/2008,16:00,4.07,4.41,4.02,4.17,49052,0
05/09/2008,16:00,4.11,4.70,4.07,4.47,36195,0
05/16/2008,16:00,4.31,6.19,4.27,6.13,47878,0
05/23/2008,16:00,6.07,11.02,6.07,10.65,406184,0
05/30/2008,16:00,9.87,9.87,8.52,8.67,162512,0
06/06/2008,16:00,8.82,9.64,8.72,8.77,113872,0
06/13/2008,16:00,8.09,8.26,7.02,8.03,111605,0
06/20/2008,16:00,7.87,8.77,7.87,8.47,61005,0
06/27/2008,16:00,8.42,8.56,7.48,7.72,88261,0
07/04/2008,16:00,7.63,7.64,5.33,5.47,299037,0
07/11/2008,16:00,5.47,6.26,2.99,6.20,227203,0
07/18/2008,16:00,6.12,6.51,5.54,5.54,7780,0
07/25/2008,16:00,5.74,9.02,5.55,8.17,86955,0
08/01/2008,16:00,8.35,8.57,7.57,8.56,333162,0
08/08/2008,16:00,8.57,8.98,7.55,7.57,186023,0
08/15/2008,16:00,7.57,7.57,6.35,6.92,91558,0
08/22/2008,16:00,7.03,7.07,6.07,6.13,67682,0
08/29/2008,16:00,6.07,6.67,4.64,5.38,187146,0
09/05/2008,16:00,5.50,6.71,4.96,5.55,113583,0
09/12/2008,16:00,5.94,5.94,3.27,3.36,107559,0
09/19/2008,16:00,3.48,4.07,2.96,4.05,67541,0
09/26/2008,16:00,4.24,4.24,1.79,2.77,172028,0
10/03/2008,16:00,2.79,3.12,1.12,1.47,225214,0
10/10/2008,16:00,1.36,1.57,0.62,1.57,98202,0
10/17/2008,16:00,1.64,2.55,1.64,1.86,90449,0
10/24/2008,16:00,2.27,2.63,0.57,1.86,99690,0
10/31/2008,16:00,1.60,2.15,1.60,1.87,37845,0
11/07/2008,16:00,1.95,2.07,1.75,1.77,88326,0
11/14/2008,16:00,1.87,1.87,-2.87,-1.44,297138,0
11/21/2008,16:00,-1.04,0.04,-1.63,-0.13,197188,0
11/28/2008,16:00,-0.26,-0.23,-2.02,-0.93,231884,0
12/05/2008,16:00,-1.03,-0.74,-1.14,-0.93,122545,0
12/12/2008,16:00,-0.93,-0.83,-1.06,-0.93,151973,0
12/19/2008,16:00,-0.93,-0.93,-1.41,-1.31,128975,0
12/26/2008,16:00,-1.33,-1.33,-2.43,-1.67,19429,0
01/02/2009,16:00,-1.63,-1.14,-2.16,-1.18,135191,0
01/09/2009,16:00,-1.28,-1.23,-1.98,-1.83,100554,0
01/16/2009,16:00,-1.83,-1.83,-3.17,-2.87,186632,0
01/23/2009,16:00,-2.82,-2.38,-3.13,-2.81,44486,0
01/30/2009,16:00,-2.98,-2.31,-3.68,-3.15,102310,0
02/06/2009,16:00,-3.15,-1.94,-3.15,-1.94,89849,0
02/13/2009,16:00,-2.04,-1.86,-2.73,-2.46,33895,0
02/20/2009,16:00,-2.63,-1.43,-2.65,-1.75,86616,0
02/27/2009,16:00,-1.58,-0.81,-1.58,-1.06,50978,0
03/06/2009,16:00,-1.33,-1.06,-1.51,-1.18,96895,0
03/13/2009,16:00,-1.57,-1.12,-1.93,-1.67,144775,0
03/20/2009,16:00,-1.78,-1.64,-2.63,-2.51,104713,0
03/27/2009,16:00,-2.23,-1.53,-2.63,-1.95,243254,0
04/03/2009,16:00,-1.95,-1.58,-2.28,-2.18,201049,0
04/10/2009,16:00,-2.19,-1.93,-2.30,-2.14,54072,0
04/17/2009,16:00,-2.24,-1.70,-2.49,-2.13,214862,0
04/24/2009,16:00,-2.22,-1.95,-2.44,-2.43,54637,0
05/01/2009,16:00,-2.39,-1.31,-2.46,-1.42,181770,0
05/08/2009,16:00,-1.43,0.33,-1.58,-1.28,263275,0
05/15/2009,16:00,-1.29,-1.28,-1.87,-1.34,242927,0
05/22/2009,16:00,-1.28,-1.23,-1.82,-1.24,167310,0
05/29/2009,16:00,-1.31,-0.43,-1.50,-0.44,145829,0
06/05/2009,16:00,-0.43,0.35,-1.02,-0.03,212065,0
06/12/2009,16:00,-0.01,0.77,-0.18,0.57,135138,0
06/19/2009,16:00,0.59,1.49,0.44,1.43,223617,0
06/26/2009,16:00,1.43,5.77,1.43,3.07,1169080,0
07/03/2009,16:00,3.27,3.77,1.64,2.49,79715,0
07/10/2009,16:00,2.36,2.36,0.86,1.56,49445,0
07/17/2009,16:00,1.50,2.22,1.28,1.67,64126,0
07/24/2009,16:00,2.17,3.02,1.47,2.72,64678,0
07/31/2009,16:00,2.72,2.72,1.57,2.12,99755,0
08/07/2009,16:00,2.31,2.51,1.47,1.47,112197,0
08/14/2009,16:00,1.69,1.78,1.07,1.21,41639,0
08/21/2009,16:00,0.98,1.07,0.22,0.37,45040,0
08/28/2009,16:00,0.28,1.22,0.17,0.88,57682,0
09/04/2009,16:00,0.77,1.12,0.17,0.27,48886,0
09/11/2009,16:00,0.20,0.41,0.07,0.19,34574,0
09/18/2009,16:00,0.05,0.61,0.03,0.31,69245,0
09/25/2009,16:00,0.13,0.46,-0.63,-0.47,44248,0
10/02/2009,16:00,-0.55,-0.22,-0.93,-0.89,54047,0
10/09/2009,16:00,-0.49,-0.24,-0.68,-0.38,24945,0
10/16/2009,16:00,-0.52,-0.47,-0.53,-0.49,28458,0
10/23/2009,16:00,-0.47,-0.47,-1.33,-1.31,32904,0
10/30/2009,16:00,-0.98,-0.93,-1.31,-1.24,40178,0
11/06/2009,16:00,-1.28,-1.22,-1.58,-1.43,33949,0
11/13/2009,16:00,-1.49,-1.49,-2.31,-1.90,368713,0
11/20/2009,16:00,-2.12,-1.25,-2.13,-1.43,89582,0
11/27/2009,16:00,-1.48,-0.83,-1.72,-1.42,103261,0
12/04/2009,16:00,-1.62,-1.04,-1.63,-1.49,668574,0
12/11/2009,16:00,-1.44,-1.13,-1.61,-1.32,58615,0
12/18/2009,16:00,-1.29,-1.29,-1.60,-1.59,4225,0
12/25/2009,16:00,-1.60,-1.59,-2.15,-1.86,19056,0
01/01/2010,16:00,-1.91,-1.78,-2.03,-1.96,35488,0
01/08/2010,16:00,-1.78,-1.68,-1.92,-1.68,3258,0
01/15/2010,16:00,-1.68,-1.68,-2.18,-1.98,12097,0
01/22/2010,16:00,-1.95,-1.92,-2.80,-2.57,61180,0
01/29/2010,16:00,-2.50,-2.41,-3.51,-3.43,167444,0
02/05/2010,16:00,-3.35,-2.78,-3.43,-2.94,74595,0
02/12/2010,16:00,-2.92,-2.52,-2.96,-2.96,75074,0
02/19/2010,16:00,-2.86,-2.74,-3.26,-2.98,87229,0
02/26/2010,16:00,-3.03,-2.54,-3.11,-2.63,91159,0
03/05/2010,16:00,-2.55,-2.46,-2.95,-2.91,260018,0
03/12/2010,16:00,-2.85,-1.84,-2.98,-1.90,1163763,0
03/19/2010,16:00,-2.01,-1.87,-2.40,-2.39,91247,0
03/26/2010,16:00,-2.38,-2.20,-2.53,-2.20,261359,0
04/02/2010,16:00,-2.46,-2.08,-2.47,-2.44,69802,0
04/09/2010,16:00,-2.43,-2.36,-2.52,-2.51,47804,0
04/16/2010,16:00,-2.53,-2.53,-2.93,-2.88,67998,0
04/23/2010,16:00,-2.84,-2.82,-2.99,-2.98,16836,0
04/30/2010,16:00,-2.90,-2.85,-3.10,-2.90,42296,0
05/07/2010,16:00,-2.90,-2.85,-3.11,-3.06,54892,0
05/14/2010,16:00,-2.88,-2.82,-3.11,-2.82,113906,0
05/21/2010,16:00,-2.82,-2.82,-3.12,-3.05,14309,0
05/28/2010,16:00,-3.09,-3.08,-3.21,-3.18,16152,0
06/04/2010,16:00,-3.17,-3.05,-3.28,-3.13,3932,0
06/11/2010,16:00,-3.18,-2.88,-3.21,-2.93,29326,0
06/18/2010,16:00,-2.93,-2.83,-3.28,-3.18,15853,0
06/25/2010,16:00,-3.23,-3.04,-3.27,-3.24,12785,0
07/02/2010,16:00,-3.09,-3.08,-3.71,-3.63,63310,0
07/09/2010,16:00,-3.66,-3.42,-3.67,-3.52,8567,0
07/16/2010,16:00,-3.56,-3.33,-3.62,-3.43,27784,0
07/23/2010,16:00,-3.52,-3.28,-3.56,-3.39,24553,0
07/30/2010,16:00,-3.36,-3.18,-3.45,-3.45,8911,0
08/06/2010,16:00,-3.44,-3.19,-3.45,-3.43,47619,0
08/13/2010,16:00,-3.47,-3.24,-3.53,-3.48,12000,0
08/20/2010,16:00,-3.51,-3.45,-3.59,-3.51,20221,0
08/27/2010,16:00,-3.53,-3.38,-3.58,-3.53,201081,0
09/03/2010,16:00,-3.48,-3.40,-3.58,-3.48,221124,0
09/10/2010,16:00,-3.52,-3.44,-3.58,-3.58,136100,0
09/17/2010,16:00,-3.53,-3.34,-3.63,-3.58,229013,0
09/24/2010,16:00,-3.57,-3.43,-3.58,-3.53,71803,0
10/01/2010,16:00,-3.53,-3.36,-3.55,-3.40,41423,0
10/08/2010,16:00,-3.41,-3.36,-3.48,-3.47,8231,0
10/15/2010,16:00,-3.47,-3.29,-3.47,-3.30,21015,0
10/22/2010,16:00,-3.22,-2.93,-3.22,-3.18,6808,0
10/29/2010,16:00,-3.22,-2.88,-3.26,-3.15,16862,0
11/05/2010,16:00,-2.94,-2.82,-3.22,-2.90,10302,0
11/12/2010,16:00,-2.99,-2.24,-3.12,-2.43,63129,0
11/19/2010,16:00,-2.48,-2.43,-3.08,-2.91,24498,0
11/26/2010,16:00,-2.78,-2.75,-2.78,-2.75,2000,0
12/03/2010,16:00,-2.76,-2.32,-2.76,-2.43,9224,0
12/10/2010,16:00,-2.46,-2.43,-2.62,-2.43,14065,0
12/17/2010,16:00,-2.53,-2.48,-2.82,-2.76,17492,0
12/24/2010,16:00,-2.74,-2.56,-2.78,-2.64,5475,0
12/31/2010,16:00,-2.72,-2.70,-2.78,-2.78,6015,0
01/07/2011,16:00,-2.76,-2.53,-2.78,-2.58,33537,0
01/14/2011,16:00,-2.60,-2.45,-2.68,-2.45,17535,0
01/21/2011,16:00,-2.43,-2.28,-2.58,-2.43,32888,0
01/28/2011,16:00,-2.35,-2.14,-2.48,-2.39,44993,0
02/04/2011,16:00,-2.32,-2.18,-2.41,-2.37,32631,0
02/11/2011,16:00,-2.24,-2.24,-2.50,-2.24,19304,0
02/18/2011,16:00,-2.25,-1.89,-2.37,-1.89,37906,0
02/25/2011,16:00,-1.63,1.28,-1.73,0.71,174233,0
03/04/2011,16:00,0.91,2.22,0.69,1.18,526068,0
03/11/2011,16:00,1.33,1.55,1.07,1.52,125740,0
03/18/2011,16:00,1.16,2.17,1.07,1.56,325565,0
03/25/2011,16:00,1.57,1.57,1.37,1.50,36075,0
04/01/2011,16:00,1.48,1.67,1.02,1.56,88382,0
04/08/2011,16:00,1.51,1.57,1.18,1.42,54866,0
04/15/2011,16:00,1.35,1.67,1.35,1.44,108584,0
04/22/2011,16:00,1.56,1.56,0.37,0.63,102893,0
04/29/2011,16:00,0.69,2.14,0.69,1.75,304152,0
05/06/2011,16:00,1.72,1.80,1.38,1.79,147844,0
05/13/2011,16:00,1.80,3.06,1.80,2.79,107208,0
05/20/2011,16:00,3.05,4.52,2.85,3.91,211364,0
05/27/2011,16:00,3.92,4.90,3.08,4.65,121521,0
06/03/2011,16:00,4.68,6.66,4.68,5.79,413341,0
06/10/2011,16:00,5.82,5.82,4.03,4.20,328540,0
06/17/2011,16:00,3.92,4.48,3.72,3.91,159023,0
06/24/2011,16:00,3.58,3.97,3.07,3.16,121620,0
07/01/2011,16:00,3.26,4.40,2.62,4.38,103414,0
07/08/2011,16:00,4.40,5.81,4.40,5.02,73566,0
07/15/2011,16:00,5.40,5.40,4.67,4.67,23694,0
07/22/2011,16:00,4.67,5.50,4.11,4.16,70093,0
07/29/2011,16:00,4.26,4.36,3.00,3.16,84839,0
08/05/2011,16:00,3.59,4.80,3.00,3.51,47392,0
08/12/2011,16:00,2.34,4.16,2.00,4.00,65071,0
08/19/2011,16:00,3.64,3.78,2.67,3.00,23102,0
08/26/2011,16:00,3.07,3.10,2.01,2.99,31630,0
09/02/2011,16:00,2.97,3.57,2.56,3.47,38392,0
09/09/2011,16:00,3.49,3.86,3.24,3.25,19721,0
09/16/2011,16:00,3.13,3.99,2.91,3.41,32285,0
09/23/2011,16:00,3.48,4.00,2.69,2.98,115437,0
09/30/2011,16:00,3.00,3.32,2.54,3.00,27752,0
10/07/2011,16:00,2.88,3.00,2.00,2.99,26368,0
10/14/2011,16:00,2.50,3.16,2.10,3.01,54673,0
10/21/2011,16:00,2.63,3.16,2.60,2.95,57122,0
10/28/2011,16:00,2.76,3.50,2.62,3.30,15884,0
11/04/2011,16:00,3.30,4.25,3.18,3.94,69413,0
11/11/2011,16:00,3.95,4.30,3.50,3.75,94456,0
11/18/2011,16:00,3.75,3.85,3.70,3.70,13616,0
11/25/2011,16:00,3.60,3.85,3.14,3.67,37351,0
12/02/2011,16:00,3.44,3.80,3.40,3.48,12312,0
12/09/2011,16:00,3.52,3.67,2.56,3.00,27060,0
12/16/2011,16:00,2.99,3.20,2.22,3.00,33193,0
12/23/2011,16:00,3.04,3.04,1.96,2.59,26518,0
12/30/2011,16:00,2.50,2.50,1.31,1.50,22464,0
01/06/2012,16:00,1.15,1.59,1.15,1.35,5050,0
01/13/2012,16:00,1.40,1.60,1.36,1.59,16130,0
01/20/2012,16:00,1.46,1.46,0.20,0.21,15510,0
01/27/2012,16:00,0.07,0.30,0.03,0.30,16855,0
02/03/2012,16:00,0.32,1.10,0.32,1.00,20146,0
02/10/2012,16:00,0.93,1.24,0.85,1.00,18198,0
02/17/2012,16:00,0.97,1.14,0.79,1.00,17331,0
02/24/2012,16:00,1.00,1.48,0.93,1.26,15757,0
03/02/2012,16:00,1.04,1.26,-0.48,0.02,84265,0
03/09/2012,16:00,-0.09,0.39,-0.51,0.06,33326,0
03/16/2012,16:00,0.10,0.89,0.10,0.51,45980,0
03/23/2012,16:00,0.43,1.00,0.30,0.89,32577,0
03/30/2012,16:00,0.81,0.98,0.30,0.95,46126,0
04/06/2012,16:00,0.86,1.45,0.45,0.83,36373,0
04/13/2012,16:00,0.80,1.38,0.30,0.91,22037,0
04/20/2012,16:00,0.91,1.04,0.27,0.40,19079,0
04/27/2012,16:00,0.36,0.96,0.35,0.96,20227,0
05/04/2012,16:00,0.84,1.00,0.30,0.83,12848,0
05/11/2012,16:00,0.75,0.75,0.20,0.50,6258,0
05/18/2012,16:00,0.51,0.80,0.50,0.80,19668,0
05/25/2012,16:00,0.81,0.95,0.05,0.24,9704,0
06/01/2012,16:00,0.23,0.23,-0.65,-0.60,11931,0
06/08/2012,16:00,-0.60,-0.29,-1.00,-1.00,18888,0
06/15/2012,16:00,-0.99,-0.90,-2.91,-2.82,71231,0
06/22/2012,16:00,-2.61,-1.61,-2.65,-1.84,128663,0
06/29/2012,16:00,-1.68,-1.51,-1.90,-1.75,15442,0
07/06/2012,16:00,-1.81,-1.60,-1.89,-1.86,14370,0
07/13/2012,16:00,-1.77,-1.50,-1.94,-1.78,22481,0
07/20/2012,16:00,-1.74,-1.31,-2.46,-2.35,220742,0
07/27/2012,16:00,-2.33,-2.00,-2.50,-2.17,51398,0
08/03/2012,16:00,-2.29,-1.42,-2.29,-1.78,31814,0
08/10/2012,16:00,-1.79,-1.29,-1.90,-1.46,31018,0
08/17/2012,16:00,-1.26,-0.79,-1.49,-1.38,16695,0
08/24/2012,16:00,-1.42,-1.42,-1.97,-1.62,23961,0
08/31/2012,16:00,-1.56,-1.40,-1.65,-1.64,12238,0
09/07/2012,16:00,-1.64,-1.50,-1.64,-1.60,6529,0
09/14/2012,16:00,-1.52,-1.50,-1.64,-1.62,8944,0
09/21/2012,16:00,-1.64,-1.03,-1.64,-1.28,19892,0
09/28/2012,16:00,-1.21,-0.50,-1.40,-0.55,33727,0
10/05/2012,16:00,-0.52,-0.35,-0.80,-0.79,19308,0
10/12/2012,16:00,-0.90,-0.89,-1.40,-0.89,38337,0
10/19/2012,16:00,-0.84,-0.71,-1.46,-1.17,7503,0
10/26/2012,16:00,-0.83,-0.83,-1.15,-1.04,3558,0
11/02/2012,16:00,-1.04,-0.52,-1.39,-1.25,16020,0
11/09/2012,16:00,-1.39,-0.49,-1.40,-1.23,11361,0
11/16/2012,16:00,-1.26,-1.20,-1.59,-1.59,15194,0
11/23/2012,16:00,-1.58,-1.34,-1.63,-1.44,14186,0
11/30/2012,16:00,-1.62,-1.45,-1.90,-1.82,27061,0
12/07/2012,16:00,-1.86,-1.81,-2.30,-2.07,41966,0
12/14/2012,16:00,-2.01,-1.75,-2.29,-1.96,431415,0
12/21/2012,16:00,-1.93,-0.31,-2.00,-0.40,290395,0
12/28/2012,16:00,-0.42,0.50,-0.64,0.49,79936,0
01/04/2013,16:00,0.58,0.99,-0.16,0.08,114657,0
01/11/2013,16:00,0.05,0.19,-0.07,-0.07,8063,0
01/18/2013,16:00,-0.11,-0.10,-0.48,-0.31,12700,0
01/25/2013,16:00,-0.32,-0.19,-0.60,-0.46,15136,0
02/01/2013,16:00,-0.40,-0.29,-0.60,-0.29,5415,0
02/08/2013,16:00,-0.35,-0.30,-1.28,-1.00,27811,0
02/15/2013,16:00,-1.00,-1.00,-2.00,-1.74,92628,0
02/22/2013,16:00,-1.85,-1.72,-1.97,-1.97,28481,0
03/01/2013,16:00,-1.97,-1.77,-2.00,-1.95,19319,0
03/08/2013,16:00,-1.78,-1.34,-2.10,-2.00,33141,0
03/15/2013,16:00,-2.07,-1.95,-2.08,-2.07,13359,0
03/22/2013,16:00,-2.02,-1.93,-2.02,-2.00,2100,0
03/29/2013,16:00,-1.99,-1.75,-2.02,-2.00,6300,0
04/05/2013,16:00,-1.94,-1.87,-2.03,-2.02,7500,0
04/12/2013,16:00,-2.02,-1.89,-2.04,-1.89,6895,0
04/19/2013,16:00,-2.03,-1.97,-2.03,-1.97,1100,0
04/26/2013,16:00,-2.03,-1.92,-2.03,-1.92,1300,0
05/03/2013,16:00,-2.05,-1.98,-2.10,-2.00,3334,0
05/10/2013,16:00,-2.02,-1.95,-2.04,-2.00,7615,0
05/17/2013,16:00,-2.05,-1.73,-2.05,-2.04,36891,0
05/24/2013,16:00,-1.89,-1.20,-2.03,-1.45,64343,0
05/31/2013,16:00,-1.29,-1.29,-1.93,-1.67,66219,0
06/07/2013,16:00,-1.80,-1.50,-1.80,-1.59,20474,0
06/14/2013,16:00,-1.50,-1.50,-1.72,-1.55,9202,0
06/21/2013,16:00,-1.61,-1.55,-1.92,-1.75,160136,0
06/28/2013,16:00,-1.83,-1.57,-1.83,-1.75,13705,0
07/05/2013,16:00,-1.62,-1.04,-1.62,-1.46,54822,0
07/12/2013,16:00,-1.46,-1.25,-1.51,-1.46,8018,0
07/19/2013,16:00,-1.44,-1.12,-1.51,-1.27,17675,0
07/26/2013,16:00,-1.03,-0.72,-1.25,-1.12,47239,0
08/02/2013,16:00,-1.00,-0.73,-1.10,-1.10,36227,0
08/09/2013,16:00,-0.85,-0.60,-1.10,-0.76,24112,0
08/16/2013,16:00,-0.76,-0.61,-1.00,-0.99,32998,0
08/23/2013,16:00,-0.93,-0.65,-0.99,-0.90,15397,0
08/30/2013,16:00,-0.88,-0.88,-1.52,-1.47,20698,0
09/06/2013,16:00,-1.45,-0.90,-1.67,-1.42,15234,0
09/13/2013,16:00,-1.25,-1.01,-1.42,-1.25,6596,0
09/20/2013,16:00,-1.03,-1.00,-1.60,-1.47,15759,0
09/27/2013,16:00,-1.37,-0.94,-1.56,-1.05,136813,0
10/04/2013,16:00,-1.05,-1.00,-1.19,-1.08,27309,0
10/11/2013,16:00,-1.08,-1.00,-1.50,-1.15,12678,0
10/18/2013,16:00,-1.22,-1.15,-1.69,-1.37,34437,0
10/25/2013,16:00,-1.34,-1.02,-1.91,-1.73,97715,0
11/01/2013,16:00,-1.66,-1.58,-1.92,-1.80,55110,0
11/08/2013,16:00,-1.89,-1.60,-1.90,-1.77,48268,0
11/15/2013,16:00,-1.75,-1.70,-1.87,-1.76,19205,0
11/22/2013,16:00,-1.76,-1.76,-1.99,-1.90,48288,0
11/29/2013,16:00,-1.80,-1.78,-1.99,-1.91,45231,0
12/06/2013,16:00,-1.90,-1.79,-2.22,-2.18,129959,0
12/13/2013,16:00,-2.02,-1.85,-2.20,-2.00,58337,0
12/20/2013,16:00,-2.00,-1.93,-2.13,-2.02,65078,0
12/27/2013,16:00,-2.00,-1.93,-2.17,-1.96,39222,0
01/03/2014,16:00,-1.89,-1.89,-2.07,-2.07,35822,0
01/10/2014,16:00,-2.00,-1.90,-2.06,-2.00,151563,0
01/17/2014,16:00,-2.15,-1.98,-2.15,-2.10,41096,0
01/24/2014,16:00,-2.06,-1.92,-2.12,-2.00,62725,0
01/31/2014,16:00,-2.09,-1.97,-2.10,-2.00,15360,0
02/07/2014,16:00,-1.99,-1.97,-2.08,-2.08,12556,0
02/14/2014,16:00,-2.09,-2.00,-2.21,-2.01,63431,0
02/21/2014,16:00,-2.01,-1.91,-2.07,-2.07,8435,0
02/28/2014,16:00,-2.04,-1.70,-2.05,-1.70,43730,0
03/07/2014,16:00,-1.80,0.41,-1.90,-1.39,512730,0
03/14/2014,16:00,-1.24,-1.10,-1.89,-1.89,193099,0
03/21/2014,16:00,-1.81,-1.51,-1.89,-1.82,70847,0
03/28/2014,16:00,-1.85,-1.72,-2.09,-1.97,183229,0
04/04/2014,16:00,-1.93,-1.57,-2.05,-1.92,108914,0
04/11/2014,16:00,-1.91,-1.68,-2.01,-1.91,166835,0
04/18/2014,16:00,-1.90,-1.71,-1.95,-1.85,56860,0
04/25/2014,16:00,-1.85,-1.73,-2.12,-1.94,227424,0
05/02/2014,16:00,-1.87,-1.62,-1.98,-1.62,56440,0
05/09/2014,16:00,-1.68,-1.32,-1.75,-1.61,34927,0
05/16/2014,16:00,-1.62,-1.44,-1.75,-1.48,70659,0
05/23/2014,16:00,-1.35,-1.25,-1.45,-1.44,63696,0
05/30/2014,16:00,-1.20,-0.70,-1.39,-0.70,146005,0
06/06/2014,16:00,-0.70,-0.47,-1.26,-1.09,83284,0
06/13/2014,16:00,-1.05,-1.00,-1.46,-1.40,28544,0
06/20/2014,16:00,-1.34,-1.05,-1.57,-1.40,22953,0
06/27/2014,16:00,-1.35,-1.25,-1.78,-1.36,48862,0
07/04/2014,16:00,-1.48,-1.23,-1.66,-1.35,36050,0
07/11/2014,16:00,-1.25,-1.25,-2.21,-1.79,138661,0
07/18/2014,16:00,-1.65,-1.58,-1.80,-1.71,20185,0
07/25/2014,16:00,-1.65,-0.78,-1.80,-1.16,300512,0
08/01/2014,16:00,-1.24,-1.09,-1.58,-1.52,108120,0
08/08/2014,16:00,-1.53,-1.25,-1.60,-1.47,38627,0
08/15/2014,16:00,-1.55,-1.25,-1.56,-1.30,78502,0
08/22/2014,16:00,-1.25,-1.16,-1.44,-1.40,152549,0
08/29/2014,16:00,-1.33,-1.25,-1.50,-1.36,40088,0
09/05/2014,16:00,-1.44,-1.30,-1.52,-1.33,43014,0
09/12/2014,16:00,-1.39,-1.34,-1.50,-1.50,34396,0
09/19/2014,16:00,-1.50,-1.41,-1.60,-1.59,59173,0
09/26/2014,16:00,-1.53,-1.49,-1.69,-1.50,23799,0
10/03/2014,16:00,-1.56,-1.50,-1.75,-1.54,26134,0
10/10/2014,16:00,-1.54,-1.51,-1.74,-1.70,25364,0
10/17/2014,16:00,-1.70,-1.64,-1.70,-1.69,16873,0
10/24/2014,16:00,-1.70,-1.64,-1.83,-1.81,59425,0
10/31/2014,16:00,-1.73,-1.72,-2.02,-2.00,46804,0
11/07/2014,16:00,-2.14,-1.74,-2.14,-1.87,18940,0
11/14/2014,16:00,-1.97,-1.97,-2.20,-2.01,34297,0
11/21/2014,16:00,-2.06,-2.02,-2.29,-2.13,32616,0
11/28/2014,16:00,-2.10,-2.03,-2.15,-2.12,28041,0
12/05/2014,16:00,-2.05,-2.02,-2.89,-2.89,56617,0
12/12/2014,16:00,-2.87,-2.52,-2.87,-2.52,47627,0
12/19/2014,16:00,-2.53,-2.40,-3.50,-2.50,92149,0
12/26/2014,16:00,-2.46,-2.20,-2.87,-2.20,60457,0
01/02/2015,16:00,-2.21,-1.20,-2.21,-1.30,133371,0
01/09/2015,16:00,-1.34,-1.20,-1.97,-1.71,96757,0
01/16/2015,16:00,-1.51,-1.20,-1.60,-1.35,154429,0
01/23/2015,16:00,-1.24,-1.00,-1.41,-1.15,131054,0
01/30/2015,16:00,-1.45,-1.05,-1.45,-1.06,41910,0
02/06/2015,16:00,-1.14,-1.05,-1.47,-1.24,30932,0
02/13/2015,16:00,-1.37,-1.10,-1.90,-1.85,52173,0
02/20/2015,16:00,-1.97,-1.61,-1.97,-1.63,19306,0
02/27/2015,16:00,-1.75,-1.61,-1.97,-1.95,26322,0
03/06/2015,16:00,-1.83,-1.71,-2.10,-2.10,43945,0
03/13/2015,16:00,-2.04,-1.75,-2.15,-1.96,37047,0
03/20/2015,16:00,-1.63,-1.63,-2.15,-2.10,20633,0
03/27/2015,16:00,-2.05,-1.98,-2.50,-2.03,51792,0
04/03/2015,16:00,-2.00,-1.84,-2.11,-2.11,30141,0
04/10/2015,16:00,-2.04,-1.40,-2.05,-1.40,73261,0
04/17/2015,16:00,-1.40,-1.40,-1.74,-1.61,21384,0
04/24/2015,16:00,-1.41,-1.13,-1.55,-1.16,103217,0
05/01/2015,16:00,-1.11,-1.11,-1.80,-1.58,73562,0
05/08/2015,16:00,-1.58,-1.20,-1.59,-1.28,38954,0
05/15/2015,16:00,-1.22,-1.20,-1.50,-1.25,78239,0
05/22/2015,16:00,-1.65,-0.76,-1.65,-0.80,130642,0
05/29/2015,16:00,-0.76,-0.40,-1.30,-1.09,98142,0
06/05/2015,16:00,-1.00,-0.90,-1.26,-1.14,94879,0
06/12/2015,16:00,-1.00,-0.52,-1.10,-0.67,152382,0
06/19/2015,16:00,-0.62,-0.08,-0.65,-0.21,211238,0
06/26/2015,16:00,-0.21,1.35,-0.95,0.05,423396,0
07/03/2015,16:00,0.05,0.31,-0.66,-0.59,154946,0
07/10/2015,16:00,-0.63,-0.11,-1.60,-1.35,216344,0
07/17/2015,16:00,-1.07,-1.01,-1.90,-1.67,275388,0
07/24/2015,16:00,-1.67,-1.54,-2.04,-2.04,254438,0
07/31/2015,16:00,-2.05,-2.03,-2.69,-2.54,176730,0
08/07/2015,16:00,-2.47,-2.32,-2.67,-2.58,89562,0
08/14/2015,16:00,-2.56,-2.55,-3.28,-2.86,95587,0
08/21/2015,16:00,-2.85,-2.74,-3.30,-3.25,173810,0
08/28/2015,16:00,-3.36,-3.29,-3.98,-3.51,85606,0
09/04/2015,16:00,-3.55,-3.13,-3.70,-3.68,116155,0
09/11/2015,16:00,-3.62,-3.54,-3.70,-3.64,67666,0
09/18/2015,16:00,-3.64,-3.50,-3.75,-3.65,106819,0
09/25/2015,16:00,-3.56,-3.17,-3.64,-3.50,142620,0
10/02/2015,16:00,-3.50,-3.18,-3.50,-3.21,58790,0
10/09/2015,16:00,-3.18,-2.76,-3.25,-2.90,88563,0
10/16/2015,16:00,-2.85,-2.52,-2.85,-2.61,76922,0
10/23/2015,16:00,-2.74,-1.82,-2.74,-2.12,177919,0
10/30/2015,16:00,-2.25,-1.99,-2.43,-1.99,85158,0
11/06/2015,16:00,-1.97,-1.50,-2.09,-1.85,146058,0
11/13/2015,16:00,-1.75,-1.55,-1.95,-1.67,113119,0
11/20/2015,16:00,-1.60,-0.03,-1.79,-0.76,157610,0
11/27/2015,16:00,-0.59,-0.28,-1.40,-0.50,155608,0
12/04/2015,16:00,-0.50,-0.14,-0.83,-0.49,137230,0
12/11/2015,16:00,-0.40,0.20,-0.49,-0.26,214640,0
12/18/2015,16:00,-0.26,0.24,-0.26,0.01,328023,0
12/25/2015,16:00,0.10,0.80,0.01,0.72,243007,0
01/01/2016,16:00,0.72,0.72,0.21,0.42,138357,0
01/08/2016,16:00,0.43,1.32,-0.10,-0.10,453992,0
01/15/2016,16:00,-1.13,0.01,-2.03,-0.45,266823,0
01/22/2016,16:00,-0.41,-0.26,-1.00,-0.53,120092,0
01/29/2016,16:00,-0.53,-0.19,-0.89,-0.57,51816,0
02/05/2016,16:00,-0.77,-0.40,-0.78,-0.45,55743,0
02/12/2016,16:00,-0.74,-0.46,-1.22,-0.99,42457,0
02/19/2016,16:00,-0.67,-0.60,-1.25,-1.22,41410,0
02/26/2016,16:00,-1.11,-1.04,-1.79,-1.11,54758,0
03/04/2016,16:00,-1.49,-0.60,-1.49,-1.23,40404,0
03/11/2016,16:00,-1.29,-1.05,-1.40,-1.07,28959,0
03/18/2016,16:00,-1.22,-0.50,-1.22,-0.68,29420,0
03/25/2016,16:00,-0.66,-0.51,-1.05,-0.91,1248208,0
04/01/2016,16:00,-1.00,-0.53,-1.00,-0.68,34310,0
04/08/2016,16:00,-0.52,0.91,-0.85,-0.79,145203,0
04/15/2016,16:00,-0.70,-0.16,-0.79,-0.51,29803,0
04/22/2016,16:00,-0.75,0.05,-0.77,-0.14,78550,0
04/29/2016,16:00,-0.14,-0.12,-0.45,-0.31,85015,0
05/06/2016,16:00,-0.42,-0.27,-0.74,-0.44,71761,0
05/13/2016,16:00,-0.73,-0.31,-0.74,-0.55,26880,0
05/20/2016,16:00,-0.59,-0.59,-1.12,-1.12,43603,0
05/27/2016,16:00,-0.69,-0.69,-1.59,-1.01,40529,0
06/03/2016,16:00,-1.01,-0.76,-1.11,-0.76,23380,0
06/10/2016,16:00,-0.69,-0.30,-0.94,-0.86,102201,0
06/17/2016,16:00,-0.82,-0.72,-1.15,-0.93,33931,0
06/24/2016,16:00,-0.92,-0.66,-1.15,-1.00,14237,0
07/01/2016,16:00,-1.17,-0.81,-1.43,-1.39,10232,0
07/08/2016,16:00,-1.24,-1.21,-1.91,-1.78,28747,0
07/15/2016,16:00,-1.74,-1.33,-1.99,-1.70,36121,0
07/22/2016,16:00,-1.70,-1.40,-1.99,-1.94,14361,0
07/29/2016,16:00,-1.72,-1.72,-2.44,-2.21,47485,0
08/05/2016,16:00,-2.27,-2.02,-2.47,-2.26,26177,0
08/12/2016,16:00,-2.26,-1.72,-2.67,-1.90,51838,0
08/19/2016,16:00,-1.70,-1.55,-2.13,-2.07,8610,0
08/26/2016,16:00,-1.73,-1.50,-1.96,-1.54,14653,0
09/02/2016,16:00,-1.55,-1.37,-1.88,-1.52,19582,0
09/09/2016,16:00,-1.66,-1.10,-1.67,-1.11,17166,0
09/16/2016,16:00,-1.12,-1.12,-1.56,-1.22,6728,0
09/23/2016,16:00,-1.12,-1.12,-1.70,-1.49,31871,0
09/30/2016,16:00,-1.51,-1.44,-1.95,-1.92,129740,0
10/07/2016,16:00,-1.85,-1.42,-1.93,-1.93,14216,0
10/14/2016,16:00,-1.83,-1.61,-2.41,-2.22,18677,0
10/21/2016,16:00,-2.05,-1.98,-2.27,-2.26,4185,0
10/28/2016,16:00,-2.10,-2.03,-2.45,-2.45,31790,0
11/04/2016,16:00,-2.50,-2.01,-2.70,-2.25,77396,0
11/11/2016,16:00,-2.45,-1.72,-2.60,-1.90,148911,0
11/18/2016,16:00,-2.02,-1.80,-2.12,-1.80,4406,0
11/25/2016,16:00,-1.87,-1.61,-2.10,-1.80,16516,0
12/02/2016,16:00,-1.80,-1.80,-2.31,-2.30,32379,0
12/09/2016,16:00,-2.33,-1.80,-2.40,-2.01,21603,0
12/16/2016,16:00,-2.02,-1.91,-2.15,-2.15,11833,0
12/23/2016,16:00,-2.15,-2.15,-2.37,-2.17,5995,0
12/30/2016,16:00,-2.28,-1.90,-2.57,-2.28,21578,0
01/06/2017,16:00,-2.19,-2.01,-2.37,-2.20,9776,0
01/13/2017,16:00,-2.34,-2.30,-2.71,-2.59,33793,0
01/20/2017,16:00,-2.56,-2.51,-3.05,-3.03,42389,0
01/27/2017,16:00,-2.80,-2.80,-3.02,-2.95,33157,0
02/03/2017,16:00,-2.95,-2.25,-3.03,-2.57,72454,0
02/10/2017,16:00,-2.51,-2.46,-3.00,-2.46,58263,0
02/17/2017,16:00,-2.36,-2.12,-2.40,-2.29,86485,0
02/24/2017,16:00,-2.35,-1.90,-2.35,-2.17,76777,0
03/03/2017,16:00,-2.18,-2.09,-2.36,-2.29,108372,0
03/10/2017,16:00,-2.13,-2.02,-2.58,-2.30,102901,0
03/17/2017,16:00,-2.30,-2.21,-2.52,-2.34,64218,0
03/24/2017,16:00,-2.34,-1.92,-2.47,-2.05,83338,0
03/31/2017,16:00,-2.12,-1.94,-2.28,-2.20,39842,0
04/07/2017,16:00,-2.24,-1.84,-2.27,-2.11,111027,0
04/14/2017,16:00,-1.85,-1.85,-2.35,-2.33,50601,0
04/21/2017,16:00,-2.38,-2.13,-2.38,-2.30,60232,0
04/28/2017,16:00,-2.28,-1.95,-2.35,-2.35,106715,0
05/05/2017,16:00,-2.34,-2.08,-2.47,-2.34,108216,0
05/12/2017,16:00,-2.25,-2.10,-2.53,-2.44,176763,0
05/19/2017,16:00,-2.25,-2.25,-2.50,-2.43,46109,0
05/26/2017,16:00,-2.40,-2.39,-2.58,-2.45,40012,0
06/02/2017,16:00,-2.52,-2.18,-2.60,-2.33,46509,0
06/09/2017,16:00,-2.38,-1.10,-2.46,-1.11,645131,0
06/16/2017,16:00,-1.60,-1.00,-1.78,-1.37,227403,0
06/23/2017,16:00,-1.35,-1.10,-1.35,-1.17,62109,0
06/30/2017,16:00,-1.18,-1.16,-1.78,-1.46,26501,0
07/07/2017,16:00,-1.44,-1.28,-1.63,-1.39,10220,0
07/14/2017,16:00,-1.60,-1.29,-1.60,-1.41,26917,0
07/21/2017,16:00,-1.39,-1.18,-1.50,-1.18,30706,0
07/28/2017,16:00,-1.18,-1.18,-1.51,-1.30,37422,0
08/04/2017,16:00,-1.46,-1.20,-1.47,-1.32,16901,0
08/11/2017,16:00,-1.32,-1.20,-1.45,-1.20,29012,0
08/18/2017,16:00,-1.21,-1.21,-1.42,-1.32,21025,0
08/25/2017,16:00,-1.34,-1.20,-1.41,-1.41,45687,0
09/01/2017,16:00,-1.34,-0.76,-1.47,-1.35,123379,0
09/08/2017,16:00,-1.38,-1.23,-1.40,-1.38,52634,0
09/15/2017,16:00,-1.28,-1.19,-1.39,-1.30,15413,0
09/22/2017,16:00,-1.15,-1.15,-1.37,-1.15,55015,0
09/29/2017,16:00,-1.31,-1.15,-1.34,-1.15,23511,0
10/06/2017,16:00,-1.26,-1.21,-1.35,-1.30,25956,0
10/13/2017,16:00,-1.30,-1.23,-1.36,-1.26,16544,0
10/20/2017,16:00,-1.36,-1.26,-1.36,-1.30,2424,0
10/27/2017,16:00,-1.31,-1.25,-1.46,-1.30,22328,0
11/03/2017,16:00,-1.30,-1.30,-1.80,-1.56,14489,0
11/10/2017,16:00,-1.95,-1.27,-1.95,-1.65,16254,0
11/17/2017,16:00,-1.54,-1.50,-1.73,-1.61,21810,0
11/24/2017,16:00,-1.63,-0.77,-1.65,-0.90,68872,0
12/01/2017,16:00,-0.90,-0.70,-1.00,-0.98,50287,0
12/08/2017,16:00,-1.00,-0.80,-1.00,-0.81,96060,0
12/15/2017,16:00,-0.80,0.62,-0.92,-0.61,178931,0
12/22/2017,16:00,-0.61,-0.58,-0.95,-0.75,23652,0
12/29/2017,16:00,-0.95,-0.76,-1.39,-1.38,15279,0
01/05/2018,16:00,-1.35,-0.28,-1.35,-0.60,76396,0
01/12/2018,16:00,-0.51,-0.49,-0.85,-0.51,16731,0
01/19/2018,16:00,-0.45,-0.18,-0.53,-0.32,50512,0
01/26/2018,16:00,-0.37,-0.37,-1.00,-0.95,37666,0
02/02/2018,16:00,-0.94,-0.90,-1.40,-1.40,36521,0
02/09/2018,16:00,-1.20,0.19,-1.34,-0.20,295180,0
02/16/2018,16:00,-0.13,-0.06,-0.84,-0.65,44172,0
02/23/2018,16:00,-0.66,-0.43,-0.91,-0.65,40441,0
03/02/2018,16:00,-0.63,-0.60,-0.78,-0.78,4339,0
03/09/2018,16:00,-0.79,-0.72,-0.95,-0.86,16286,0
03/16/2018,16:00,-0.80,-0.62,-0.93,-0.80,100371,0
03/23/2018,16:00,-0.71,-0.71,-0.90,-0.72,9839,0
03/30/2018,16:00,-0.80,-0.63,-0.90,-0.80,41482,0
04/06/2018,16:00,-0.82,-0.61,-0.93,-0.70,76473,0
04/13/2018,16:00,-0.66,-0.53,-0.84,-0.75,29883,0
04/20/2018,16:00,-0.72,-0.54,-0.84,-0.55,36089,0
04/27/2018,16:00,-0.75,-0.56,-0.92,-0.89,20721,0
05/04/2018,16:00,-0.82,-0.58,-0.91,-0.83,6927,0
05/11/2018,16:00,-0.82,-0.67,-0.97,-0.70,18637,0
05/18/2018,16:00,-0.73,-0.70,-0.90,-0.86,10846,0
05/25/2018,16:00,-0.84,-0.70,-0.85,-0.74,12978,0
06/01/2018,16:00,-1.00,-0.73,-1.00,-0.85,11114,0
06/08/2018,16:00,-0.92,-0.72,-0.92,-0.78,26178,0
06/15/2018,16:00,-0.88,-0.76,-0.89,-0.89,1927,0
06/22/2018,16:00,-0.71,-0.71,-1.34,-0.81,21625,0
06/29/2018,16:00,-1.05,-0.82,-1.98,-1.81,29222,0
07/06/2018,16:00,-1.91,-1.43,-1.94,-1.92,30524,0
07/13/2018,16:00,-1.89,-1.03,-1.94,-1.50,22557,0
07/20/2018,16:00,-1.40,-1.18,-1.79,-1.79,23209,0
07/27/2018,16:00,-1.76,-1.35,-1.79,-1.48,16794,0
08/03/2018,16:00,-1.73,-1.35,-1.73,-1.45,9882,0
08/10/2018,16:00,-1.40,0.15,-1.80,-0.01,648019,0
08/17/2018,16:00,-0.01,0.87,-0.01,0.48,1080470,0
08/24/2018,16:00,0.59,0.76,0.26,0.72,732972,0
08/31/2018,16:00,0.85,3.37,0.82,2.17,28555522,0
09/07/2018,16:00,2.20,2.57,1.70,1.72,1672888,0
09/14/2018,16:00,1.72,1.72,1.11,1.33,1868145,0
09/21/2018,16:00,1.33,1.36,0.99,1.13,842797,0
09/28/2018,16:00,1.13,1.13,1.00,1.05,404324,0
10/05/2018,16:00,1.05,1.85,0.88,1.09,2707360,0
10/12/2018,16:00,1.15,1.15,1.00,1.05,290133,0
10/19/2018,16:00,1.01,1.89,1.01,1.17,2815332,0
10/26/2018,16:00,1.19,1.38,1.06,1.12,1360034,0
11/02/2018,16:00,1.19,1.28,1.07,1.17,708637,0
11/09/2018,16:00,1.16,1.38,1.06,1.09,1246501,0
11/16/2018,16:00,1.09,1.12,0.98,1.00,330507,0
11/23/2018,16:00,0.98,1.08,0.94,1.03,239439,0
11/30/2018,16:00,1.12,1.14,1.03,1.09,299995,0
12/07/2018,16:00,1.12,1.20,1.05,1.06,651671,0
12/14/2018,16:00,1.06,1.16,1.01,1.08,444262,0
12/21/2018,16:00,1.06,1.06,0.94,1.01,247412,0
12/28/2018,16:00,1.01,1.01,0.93,1.00,180461,0
01/04/2019,16:00,0.95,1.00,0.90,0.93,173467,0
01/11/2019,16:00,0.93,1.14,0.93,0.99,482107,0
01/18/2019,16:00,0.98,1.06,0.96,0.98,237228,0
01/25/2019,16:00,1.02,1.11,0.96,1.07,331967,0
02/01/2019,16:00,1.07,1.19,1.00,1.18,527729,0
02/08/2019,16:00,1.19,1.23,1.02,1.04,312796,0
02/15/2019,16:00,1.03,1.10,1.02,1.05,303953,0
02/22/2019,16:00,1.06,1.12,1.03,1.09,100062,0
03/01/2019,16:00,1.10,1.21,1.09,1.10,940684,0
03/08/2019,16:00,1.12,1.21,1.06,1.08,1071366,0
03/15/2019,16:00,1.08,1.11,1.04,1.04,136330,0
03/22/2019,16:00,1.07,1.08,1.00,1.03,252314,0
03/29/2019,16:00,1.01,1.03,0.96,0.99,190049,0
04/05/2019,16:00,1.01,1.06,0.98,1.00,338413,0
04/12/2019,16:00,1.01,4.50,0.98,3.05,111834466,0
