"Date","Time","Open","High","Low","Close","Vol","OI"
03/11/1994,16:00,6.63,6.75,6.25,6.45,484900,0
03/18/1994,16:00,6.63,6.63,6.13,6.25,79600,0
03/25/1994,16:00,6.25,6.38,6.00,6.38,113300,0
04/01/1994,16:00,6.38,6.38,5.50,5.50,112300,0
04/08/1994,16:00,5.50,5.75,4.75,5.25,143300,0
04/15/1994,16:00,5.25,5.38,4.75,5.00,169000,0
04/22/1994,16:00,4.88,5.00,3.38,4.00,356500,0
04/29/1994,16:00,4.13,5.75,4.00,5.63,170900,0
05/06/1994,16:00,5.63,5.75,5.38,5.75,106100,0
05/13/1994,16:00,5.75,5.88,5.50,5.88,46100,0
05/20/1994,16:00,5.72,5.88,5.13,5.38,46700,0
05/27/1994,16:00,5.13,5.50,4.63,5.00,38900,0
06/03/1994,16:00,4.88,5.25,4.88,5.00,92700,0
06/10/1994,16:00,5.00,5.13,4.38,4.75,115500,0
06/17/1994,16:00,4.75,5.38,4.50,5.00,79600,0
06/24/1994,16:00,5.13,5.13,4.63,4.63,29700,0
07/01/1994,16:00,4.56,5.00,4.13,4.88,109400,0
07/08/1994,16:00,4.63,5.25,4.63,5.07,85600,0
07/15/1994,16:00,5.00,5.25,4.94,5.25,50900,0
07/22/1994,16:00,5.00,5.25,4.75,4.75,45900,0
07/29/1994,16:00,4.91,5.00,4.75,4.88,17300,0
08/05/1994,16:00,5.00,5.00,4.50,4.70,52400,0
08/12/1994,16:00,4.50,4.75,4.25,4.50,91800,0
08/19/1994,16:00,4.57,4.63,4.25,4.63,26800,0
08/26/1994,16:00,4.63,4.63,4.13,4.50,56500,0
09/02/1994,16:00,4.13,4.25,3.75,3.94,155200,0
09/09/1994,16:00,3.75,4.25,3.75,4.25,209400,0
09/16/1994,16:00,4.50,4.88,4.00,4.57,247800,0
09/23/1994,16:00,4.88,5.75,4.50,5.75,161500,0
09/30/1994,16:00,5.50,5.88,5.38,5.50,178800,0
10/07/1994,16:00,5.38,5.63,5.00,5.38,47900,0
10/14/1994,16:00,5.50,5.50,5.25,5.38,30800,0
10/21/1994,16:00,5.38,5.88,5.13,5.75,136400,0
10/28/1994,16:00,5.88,6.13,5.63,5.75,75800,0
11/04/1994,16:00,5.50,5.75,5.38,5.50,42900,0
11/11/1994,16:00,5.38,5.75,5.38,5.38,33100,0
11/18/1994,16:00,5.75,5.75,5.38,5.38,6400,0
11/25/1994,16:00,5.63,5.63,5.13,5.38,38700,0
12/02/1994,16:00,5.13,5.38,4.75,4.75,91600,0
12/09/1994,16:00,4.63,4.88,4.38,4.63,35400,0
12/16/1994,16:00,4.63,5.13,4.63,5.13,40500,0
12/23/1994,16:00,5.13,5.38,4.75,5.00,43000,0
12/30/1994,16:00,5.00,5.06,4.63,4.63,90900,0
01/06/1995,16:00,4.88,5.00,4.63,5.00,36500,0
01/13/1995,16:00,5.00,5.75,5.00,5.75,65200,0
01/20/1995,16:00,5.63,5.88,5.50,5.88,72100,0
01/27/1995,16:00,5.88,5.88,5.38,5.88,25300,0
02/03/1995,16:00,5.88,5.88,5.50,5.75,86900,0
02/10/1995,16:00,6.00,7.00,5.88,6.38,391000,0
02/17/1995,16:00,6.38,6.63,6.00,6.25,85300,0
02/24/1995,16:00,6.00,6.38,5.50,5.88,53800,0
03/03/1995,16:00,5.88,6.00,5.25,5.75,104500,0
03/10/1995,16:00,6.13,6.88,6.00,6.50,286300,0
03/17/1995,16:00,6.50,6.88,6.50,6.63,188400,0
03/24/1995,16:00,6.75,6.75,6.38,6.63,93500,0
03/31/1995,16:00,6.50,6.63,6.25,6.25,41200,0
04/07/1995,16:00,6.63,6.63,6.13,6.25,47500,0
04/14/1995,16:00,6.63,6.63,6.25,6.50,48400,0
04/21/1995,16:00,6.38,6.63,5.94,6.25,105400,0
04/28/1995,16:00,6.25,6.38,6.00,6.38,27900,0
05/05/1995,16:00,6.38,6.50,6.00,6.00,101300,0
05/12/1995,16:00,6.25,6.25,5.50,5.63,84700,0
05/19/1995,16:00,5.88,6.13,5.63,6.00,45800,0
05/26/1995,16:00,6.13,6.25,5.88,6.25,172100,0
06/02/1995,16:00,6.25,9.38,6.13,7.63,577900,0
06/09/1995,16:00,7.25,10.75,7.25,9.75,723200,0
06/16/1995,16:00,9.88,13.75,9.50,12.88,1065900,0
06/23/1995,16:00,8.00,10.00,6.25,9.25,1142800,0
06/30/1995,16:00,9.00,10.13,9.00,9.63,247100,0
07/07/1995,16:00,9.63,10.13,8.75,8.88,135700,0
07/14/1995,16:00,9.00,9.25,8.25,8.63,201200,0
07/21/1995,16:00,8.38,8.63,7.75,8.63,170900,0
07/28/1995,16:00,8.63,10.00,8.63,9.50,86500,0
08/04/1995,16:00,9.50,9.50,8.00,8.38,76800,0
08/11/1995,16:00,8.13,9.88,7.88,9.63,118200,0
08/18/1995,16:00,9.75,9.75,9.00,9.00,47100,0
08/25/1995,16:00,9.00,9.38,8.25,8.63,76800,0
09/01/1995,16:00,8.63,9.38,8.38,9.25,75200,0
09/08/1995,16:00,9.00,10.75,9.00,10.25,170300,0
09/15/1995,16:00,10.25,11.50,10.25,10.50,215700,0
09/22/1995,16:00,10.50,11.00,10.00,11.00,168400,0
09/29/1995,16:00,10.63,12.25,10.00,10.25,202600,0
10/06/1995,16:00,10.25,10.25,9.13,9.75,119300,0
10/13/1995,16:00,9.75,10.25,9.50,10.25,69600,0
10/20/1995,16:00,10.00,10.75,10.00,10.50,81500,0
10/27/1995,16:00,10.50,10.50,9.75,10.13,63900,0
11/03/1995,16:00,10.00,11.25,10.00,10.75,106300,0
11/10/1995,16:00,10.75,11.00,9.25,9.88,160800,0
11/17/1995,16:00,10.00,10.25,9.50,9.50,104400,0
11/24/1995,16:00,10.00,10.00,9.25,9.38,12200,0
12/01/1995,16:00,9.63,10.25,9.25,9.88,27000,0
12/08/1995,16:00,9.88,10.50,9.50,9.63,142400,0
12/15/1995,16:00,9.50,9.75,9.25,9.38,30200,0
12/22/1995,16:00,9.25,9.50,8.50,9.00,103300,0
12/29/1995,16:00,8.88,9.50,8.63,9.25,82000,0
01/05/1996,16:00,9.25,10.00,8.88,10.00,113100,0
01/12/1996,16:00,10.00,10.25,9.50,10.00,118500,0
01/19/1996,16:00,9.88,10.00,9.50,9.63,49600,0
01/26/1996,16:00,10.00,10.00,9.50,9.75,32900,0
02/02/1996,16:00,10.00,10.00,9.13,9.50,104800,0
02/09/1996,16:00,9.13,9.75,9.00,9.50,39700,0
02/16/1996,16:00,9.50,10.25,9.50,9.50,46500,0
02/23/1996,16:00,9.75,10.13,9.50,9.75,48300,0
03/01/1996,16:00,9.63,10.13,9.50,9.63,46400,0
03/08/1996,16:00,9.50,9.75,9.13,9.50,87800,0
03/15/1996,16:00,9.13,9.50,9.13,9.50,34800,0
03/22/1996,16:00,9.50,9.50,9.00,9.25,82800,0
03/29/1996,16:00,9.00,9.38,8.63,9.38,149000,0
04/05/1996,16:00,9.38,9.38,9.13,9.38,113100,0
04/12/1996,16:00,9.25,13.00,9.13,11.50,659700,0
04/19/1996,16:00,12.00,15.25,11.50,14.50,657500,0
04/26/1996,16:00,14.38,14.75,11.38,13.50,450900,0
05/03/1996,16:00,13.38,13.75,11.75,13.00,321100,0
05/10/1996,16:00,13.13,13.13,10.50,12.75,866000,0
05/17/1996,16:00,12.75,14.13,12.38,12.63,280900,0
05/24/1996,16:00,12.75,15.38,12.75,14.00,391300,0
05/31/1996,16:00,14.00,14.38,13.50,14.00,192800,0
06/07/1996,16:00,15.13,16.75,14.00,15.63,620200,0
06/14/1996,16:00,16.00,17.00,15.50,16.63,172400,0
06/21/1996,16:00,16.50,20.75,16.50,17.50,460200,0
06/28/1996,16:00,17.88,18.25,16.38,16.38,154900,0
07/05/1996,16:00,16.25,16.50,15.88,16.38,34500,0
07/12/1996,16:00,16.38,17.13,14.38,14.63,215000,0
07/19/1996,16:00,14.75,14.75,11.50,13.50,288100,0
07/26/1996,16:00,13.75,16.00,13.50,14.13,196500,0
08/02/1996,16:00,14.38,14.38,12.38,13.50,136200,0
08/09/1996,16:00,13.50,13.63,12.63,13.38,74500,0
08/16/1996,16:00,13.50,14.63,13.50,14.00,87700,0
08/23/1996,16:00,13.75,14.63,13.38,14.00,71500,0
08/30/1996,16:00,14.25,15.50,14.25,15.13,54100,0
09/06/1996,16:00,14.63,15.00,13.75,14.00,43100,0
09/13/1996,16:00,13.75,15.88,13.50,14.69,409500,0
09/20/1996,16:00,14.88,14.88,12.00,12.50,282900,0
09/27/1996,16:00,12.38,13.63,10.63,12.38,2134300,0
10/04/1996,16:00,12.38,13.63,11.88,12.50,297600,0
10/11/1996,16:00,12.13,12.50,11.25,11.38,451000,0
10/18/1996,16:00,11.38,12.50,11.38,11.38,208600,0
10/25/1996,16:00,11.63,12.00,10.50,11.13,320300,0
11/01/1996,16:00,11.13,12.50,10.75,11.75,276200,0
11/08/1996,16:00,11.75,13.00,11.75,12.75,240600,0
11/15/1996,16:00,12.50,14.50,12.50,13.75,265900,0
11/22/1996,16:00,13.63,14.25,13.00,13.63,182800,0
11/29/1996,16:00,13.50,14.38,13.50,14.25,124600,0
12/06/1996,16:00,13.88,14.63,12.75,13.38,132800,0
12/13/1996,16:00,13.88,14.75,13.63,14.13,187600,0
12/20/1996,16:00,14.25,16.00,13.88,16.00,251000,0
12/27/1996,16:00,15.63,16.88,15.63,16.50,67000,0
01/03/1997,16:00,16.88,17.13,15.75,15.75,175400,0
01/10/1997,16:00,15.75,17.00,15.75,15.88,156100,0
01/17/1997,16:00,16.25,16.75,15.25,16.50,146200,0
01/24/1997,16:00,17.00,17.00,15.75,15.88,158800,0
01/31/1997,16:00,15.75,16.25,15.50,15.50,95000,0
02/07/1997,16:00,15.50,16.00,15.25,15.25,68500,0
02/14/1997,16:00,15.25,15.75,13.75,14.75,233700,0
02/21/1997,16:00,14.38,14.88,14.38,14.88,122900,0
02/28/1997,16:00,14.38,15.13,14.38,15.00,94200,0
03/07/1997,16:00,14.75,15.00,12.75,12.88,188900,0
03/14/1997,16:00,13.13,14.13,12.50,13.00,203200,0
03/21/1997,16:00,12.75,13.00,11.75,12.13,122100,0
03/28/1997,16:00,12.25,12.25,11.50,12.13,58400,0
04/04/1997,16:00,12.00,12.00,11.50,12.00,57200,0
04/11/1997,16:00,12.00,12.25,10.88,11.38,105600,0
04/18/1997,16:00,11.13,12.75,10.88,12.00,152800,0
04/25/1997,16:00,12.25,12.25,11.25,11.25,51300,0
05/02/1997,16:00,11.25,11.88,10.06,11.25,482500,0
05/09/1997,16:00,11.25,14.25,11.13,14.25,152000,0
05/16/1997,16:00,13.50,14.75,13.13,14.00,110000,0
05/23/1997,16:00,14.00,14.13,13.00,13.75,89200,0
05/30/1997,16:00,13.38,13.75,12.38,13.50,78300,0
06/06/1997,16:00,13.00,13.63,13.00,13.63,24200,0
06/13/1997,16:00,13.00,14.38,13.00,14.00,114200,0
06/20/1997,16:00,13.75,14.25,13.50,13.88,159400,0
06/27/1997,16:00,13.50,13.88,13.38,13.63,81000,0
07/04/1997,16:00,13.38,13.75,12.13,12.50,37800,0
07/11/1997,16:00,12.00,12.88,11.63,11.88,112700,0
07/18/1997,16:00,11.63,12.50,11.50,11.75,46000,0
07/25/1997,16:00,12.38,12.38,11.38,11.63,61600,0
08/01/1997,16:00,11.13,11.75,10.75,11.63,113700,0
08/08/1997,16:00,11.50,12.13,11.00,11.00,62500,0
08/15/1997,16:00,11.38,11.75,10.75,11.75,57800,0
08/22/1997,16:00,11.75,12.25,11.38,11.75,61100,0
08/29/1997,16:00,11.50,11.88,10.75,11.38,92300,0
09/05/1997,16:00,11.25,12.75,11.13,12.56,154800,0
09/12/1997,16:00,12.75,12.75,11.25,11.63,174400,0
09/19/1997,16:00,11.75,11.75,9.25,9.63,812500,0
09/26/1997,16:00,9.88,9.88,4.25,6.25,1350200,0
10/03/1997,16:00,6.13,8.38,6.06,6.94,878400,0
10/10/1997,16:00,6.75,7.25,6.50,7.00,211600,0
10/17/1997,16:00,7.25,7.63,7.00,7.50,295700,0
10/24/1997,16:00,7.50,8.00,7.38,7.75,186600,0
10/31/1997,16:00,7.53,7.75,6.88,7.38,322800,0
11/07/1997,16:00,7.38,7.88,7.25,7.50,191800,0
11/14/1997,16:00,7.63,7.63,7.25,7.44,212600,0
11/21/1997,16:00,7.25,7.75,7.25,7.63,288500,0
11/28/1997,16:00,7.38,7.50,6.63,7.13,116500,0
12/05/1997,16:00,7.13,7.38,6.63,6.75,292800,0
12/12/1997,16:00,6.75,6.75,6.25,6.50,314700,0
12/19/1997,16:00,6.50,7.63,6.50,7.50,291500,0
12/26/1997,16:00,7.50,7.50,6.75,6.88,116500,0
01/02/1998,16:00,6.88,7.13,6.50,7.13,442100,0
01/09/1998,16:00,7.09,9.50,7.00,9.00,255900,0
01/16/1998,16:00,9.00,9.50,8.00,8.38,293500,0
01/23/1998,16:00,8.38,8.38,7.25,7.44,78900,0
01/30/1998,16:00,7.63,7.88,7.25,7.50,95400,0
02/06/1998,16:00,7.88,8.00,7.50,8.00,77100,0
02/13/1998,16:00,8.00,8.00,7.38,7.63,216600,0
02/20/1998,16:00,7.63,8.13,7.63,7.81,91700,0
02/27/1998,16:00,7.75,8.13,7.63,7.69,83800,0
03/06/1998,16:00,7.81,7.81,7.50,7.75,60900,0
03/13/1998,16:00,7.50,8.00,7.50,8.00,86200,0
03/20/1998,16:00,8.00,8.13,7.50,7.50,117800,0
03/27/1998,16:00,7.50,7.88,7.44,7.50,147500,0
04/03/1998,16:00,7.50,7.56,6.88,7.25,119400,0
04/10/1998,16:00,7.00,7.38,6.75,6.88,132800,0
04/17/1998,16:00,6.75,9.00,6.25,9.00,343400,0
04/24/1998,16:00,8.69,9.00,8.13,8.63,186200,0
05/01/1998,16:00,8.63,9.00,6.75,8.88,165500,0
05/08/1998,16:00,8.88,9.13,8.13,8.63,113900,0
05/15/1998,16:00,8.88,9.00,8.38,8.56,142400,0
05/22/1998,16:00,8.75,8.75,7.69,8.00,95100,0
05/29/1998,16:00,8.13,8.25,7.38,8.06,58000,0
06/05/1998,16:00,8.00,8.06,6.75,7.00,85600,0
06/12/1998,16:00,7.38,7.38,6.00,6.31,93300,0
06/19/1998,16:00,6.50,7.38,6.06,6.81,93700,0
06/26/1998,16:00,7.00,8.06,6.75,7.75,87100,0
07/03/1998,16:00,8.00,8.00,7.06,7.75,193700,0
07/10/1998,16:00,7.88,7.88,7.06,7.75,85400,0
07/17/1998,16:00,7.88,7.88,7.00,7.38,85500,0
07/24/1998,16:00,7.38,7.75,6.75,6.75,123100,0
07/31/1998,16:00,6.75,7.25,6.50,7.00,38600,0
08/07/1998,16:00,7.25,7.25,6.00,6.75,118000,0
08/14/1998,16:00,6.75,7.00,6.00,6.50,80400,0
08/21/1998,16:00,7.00,7.50,6.63,6.81,65900,0
08/28/1998,16:00,6.63,6.94,6.13,6.13,201200,0
09/04/1998,16:00,6.13,6.88,6.00,6.75,74200,0
09/11/1998,16:00,6.75,7.25,6.25,6.75,65900,0
09/18/1998,16:00,6.63,7.97,6.50,7.00,634900,0
09/25/1998,16:00,7.00,7.50,6.81,7.00,176900,0
10/02/1998,16:00,7.13,7.13,6.38,6.38,285400,0
10/09/1998,16:00,6.75,7.00,4.38,6.00,265900,0
10/16/1998,16:00,6.50,6.50,5.00,5.75,173700,0
10/23/1998,16:00,5.38,6.75,5.38,6.75,108300,0
10/30/1998,16:00,6.38,7.25,6.25,6.75,122900,0
11/06/1998,16:00,6.50,6.63,6.25,6.25,48400,0
11/13/1998,16:00,6.25,6.75,6.00,6.44,32300,0
11/20/1998,16:00,6.38,7.25,6.25,6.50,112200,0
11/27/1998,16:00,6.75,6.94,6.38,6.56,54700,0
12/04/1998,16:00,6.81,7.00,6.38,6.69,116900,0
12/11/1998,16:00,6.88,6.88,5.50,5.88,150900,0
12/18/1998,16:00,5.88,8.44,5.88,7.19,401000,0
12/25/1998,16:00,7.38,7.75,7.13,7.63,55800,0
01/01/1999,16:00,7.69,7.88,7.00,7.00,132800,0
01/08/1999,16:00,6.81,8.50,6.75,7.88,152000,0
01/15/1999,16:00,8.13,8.25,7.63,8.00,103400,0
01/22/1999,16:00,8.19,8.63,7.75,8.31,120600,0
01/29/1999,16:00,7.88,9.75,7.88,9.75,206300,0
02/05/1999,16:00,9.75,11.00,9.44,9.94,175200,0
02/12/1999,16:00,9.88,10.13,9.38,9.75,123900,0
02/19/1999,16:00,10.00,10.00,9.50,9.50,104000,0
02/26/1999,16:00,9.50,9.63,8.75,9.00,89800,0
03/05/1999,16:00,9.00,9.38,8.88,9.19,62900,0
03/12/1999,16:00,9.25,10.00,8.88,9.00,110900,0
03/19/1999,16:00,9.13,9.16,7.94,7.94,101600,0
03/26/1999,16:00,7.88,8.13,6.50,7.31,82300,0
04/02/1999,16:00,7.06,7.75,6.38,7.13,162200,0
04/09/1999,16:00,6.75,7.25,6.38,6.75,95400,0
04/16/1999,16:00,6.63,7.69,6.63,7.63,58600,0
04/23/1999,16:00,7.50,8.00,7.00,7.50,49200,0
04/30/1999,16:00,7.63,7.88,6.50,7.00,82400,0
05/07/1999,16:00,6.75,7.75,6.75,7.50,51800,0
05/14/1999,16:00,7.50,8.06,6.94,8.06,78700,0
05/21/1999,16:00,8.06,8.69,8.00,8.38,116200,0
05/28/1999,16:00,8.19,8.38,8.00,8.00,63800,0
06/04/1999,16:00,8.00,9.50,8.00,9.13,85200,0
06/11/1999,16:00,9.03,9.50,9.00,9.00,60800,0
06/18/1999,16:00,9.00,9.38,8.88,9.13,112700,0
06/25/1999,16:00,9.13,9.50,8.00,9.00,83900,0
07/02/1999,16:00,9.00,9.50,8.75,9.50,98500,0
07/09/1999,16:00,9.19,9.50,8.56,9.06,42900,0
07/16/1999,16:00,9.38,9.50,8.38,9.13,60200,0
07/23/1999,16:00,9.13,11.63,8.88,10.69,540800,0
07/30/1999,16:00,10.94,13.13,10.50,12.19,579100,0
08/06/1999,16:00,12.25,14.75,11.63,14.00,648100,0
08/13/1999,16:00,15.00,22.63,14.63,22.63,6083500,0
08/20/1999,16:00,22.94,25.75,20.81,23.63,2649700,0
08/27/1999,16:00,23.75,35.31,22.50,29.75,3369200,0
09/03/1999,16:00,30.53,30.75,24.00,29.44,1784800,0
09/10/1999,16:00,29.81,30.13,26.38,27.13,394500,0
09/17/1999,16:00,27.06,29.50,25.06,25.25,677900,0
09/24/1999,16:00,25.81,26.75,23.00,24.50,435200,0
10/01/1999,16:00,24.31,27.00,23.75,24.19,563900,0
10/08/1999,16:00,24.25,25.00,23.38,24.50,244000,0
10/15/1999,16:00,24.06,25.25,22.44,24.25,449500,0
10/22/1999,16:00,24.38,24.81,23.00,23.00,273600,0
10/29/1999,16:00,23.00,27.00,22.25,27.00,318500,0
11/05/1999,16:00,28.38,29.00,23.00,25.25,1853800,0
11/12/1999,16:00,25.25,25.50,25.00,25.25,486800,0
11/19/1999,16:00,25.00,25.38,25.00,25.06,576100,0
11/26/1999,16:00,25.00,25.00,23.00,23.75,460400,0
12/03/1999,16:00,24.13,26.25,23.88,24.56,337800,0
12/10/1999,16:00,24.50,24.50,18.50,21.88,1375200,0
12/17/1999,16:00,21.94,24.25,21.00,22.69,808600,0
12/24/1999,16:00,23.06,27.25,22.75,25.75,862200,0
12/31/1999,16:00,28.50,30.25,26.50,29.50,842600,0
01/07/2000,16:00,29.63,29.88,18.63,21.63,3132000,0
01/14/2000,16:00,21.50,29.44,20.94,28.50,1201100,0
01/21/2000,16:00,28.38,30.50,24.63,26.00,468800,0
01/28/2000,16:00,26.00,26.50,21.75,22.38,545700,0
02/04/2000,16:00,22.38,26.00,20.25,21.75,734700,0
02/11/2000,16:00,21.63,28.88,21.63,27.00,1452900,0
02/18/2000,16:00,27.75,30.00,25.00,27.25,492000,0
02/25/2000,16:00,27.50,29.25,25.50,26.75,277800,0
03/03/2000,16:00,26.63,34.25,25.50,32.75,897800,0
03/10/2000,16:00,33.00,37.25,28.00,29.88,795100,0
03/17/2000,16:00,28.13,31.63,25.00,29.94,802200,0
03/24/2000,16:00,29.75,30.25,25.88,29.75,287800,0
03/31/2000,16:00,28.63,30.00,26.00,27.31,500000,0
04/07/2000,16:00,27.00,29.00,21.13,23.50,415700,0
04/14/2000,16:00,24.00,24.63,15.50,16.50,1015700,0
04/21/2000,16:00,16.38,24.25,15.50,22.25,394100,0
04/28/2000,16:00,22.06,24.75,21.00,24.25,280500,0
05/05/2000,16:00,24.63,25.25,20.00,24.00,420300,0
05/12/2000,16:00,22.53,25.25,22.00,25.00,122600,0
05/19/2000,16:00,23.94,26.75,23.50,23.50,108400,0
05/26/2000,16:00,23.50,24.31,21.06,21.88,337700,0
06/02/2000,16:00,22.13,26.38,21.63,26.19,124900,0
06/09/2000,16:00,25.75,28.56,24.50,27.75,177800,0
06/16/2000,16:00,28.00,28.00,25.50,26.25,154500,0
06/23/2000,16:00,26.81,28.00,26.13,27.00,243900,0
06/30/2000,16:00,28.00,31.75,26.31,28.69,808100,0
07/07/2000,16:00,29.34,30.13,28.06,29.00,166800,0
07/14/2000,16:00,28.69,31.38,28.25,29.94,375400,0
07/21/2000,16:00,30.00,30.00,27.25,28.50,167200,0
07/28/2000,16:00,28.06,29.13,25.75,27.28,131400,0
08/04/2000,16:00,26.94,34.13,26.91,32.88,381000,0
08/11/2000,16:00,32.94,32.94,30.00,30.94,134500,0
08/18/2000,16:00,30.00,32.88,30.00,32.13,95700,0
08/25/2000,16:00,32.06,33.50,31.00,33.13,190900,0
09/01/2000,16:00,33.25,33.25,29.39,31.00,162000,0
09/08/2000,16:00,32.00,32.00,29.00,30.94,115000,0
09/15/2000,16:00,30.94,30.94,28.31,30.00,231100,0
09/22/2000,16:00,30.06,30.50,22.00,22.94,1425800,0
09/29/2000,16:00,23.81,24.00,18.50,20.81,1120900,0
10/06/2000,16:00,21.13,21.13,18.50,18.50,192400,0
10/13/2000,16:00,18.25,19.50,4.25,6.72,3492700,0
10/20/2000,16:00,7.19,7.81,5.50,6.44,1674000,0
10/27/2000,16:00,7.06,9.31,6.77,8.88,1576300,0
11/03/2000,16:00,9.28,9.50,8.75,9.16,829500,0
11/10/2000,16:00,9.50,9.50,8.00,9.38,263300,0
11/17/2000,16:00,9.13,11.88,8.25,11.25,608200,0
11/24/2000,16:00,11.13,11.25,9.00,10.00,294300,0
12/01/2000,16:00,9.94,11.00,8.00,8.94,406600,0
12/08/2000,16:00,8.75,10.00,8.00,8.69,248500,0
12/15/2000,16:00,9.13,9.69,8.25,9.47,468400,0
12/22/2000,16:00,9.03,10.00,5.63,6.50,933700,0
12/29/2000,16:00,6.56,6.69,4.25,6.63,1975800,0
01/05/2001,16:00,6.63,8.88,6.63,7.25,302600,0
01/12/2001,16:00,7.63,7.63,6.31,7.16,715900,0
01/19/2001,16:00,7.00,7.63,6.75,6.81,166400,0
01/26/2001,16:00,7.06,7.81,6.75,6.94,240000,0
02/02/2001,16:00,7.25,7.63,6.31,7.13,442600,0
02/09/2001,16:00,7.25,7.63,7.00,7.25,175100,0
02/16/2001,16:00,7.19,7.22,5.53,6.81,363700,0
02/23/2001,16:00,6.88,6.88,6.03,6.63,62800,0
03/02/2001,16:00,6.16,6.72,6.00,6.13,114900,0
03/09/2001,16:00,6.19,6.38,5.81,6.13,150000,0
03/16/2001,16:00,6.13,6.66,5.69,6.22,198300,0
03/23/2001,16:00,6.13,6.38,5.81,6.09,207800,0
03/30/2001,16:00,6.06,6.28,5.94,6.19,190900,0
04/06/2001,16:00,6.13,6.50,6.00,6.47,264600,0
04/13/2001,16:00,6.06,6.70,6.00,6.10,144300,0
04/20/2001,16:00,6.24,8.00,6.05,7.15,121100,0
04/27/2001,16:00,7.15,7.16,6.12,6.76,131900,0
05/04/2001,16:00,6.41,6.42,4.25,4.30,994600,0
05/11/2001,16:00,4.60,4.75,4.00,4.28,515400,0
05/18/2001,16:00,4.29,4.29,3.50,3.50,471700,0
05/25/2001,16:00,3.60,4.40,3.00,3.77,416600,0
06/01/2001,16:00,3.90,3.98,3.71,3.92,240700,0
06/08/2001,16:00,3.80,4.55,3.80,4.52,221700,0
06/15/2001,16:00,4.61,5.50,4.48,4.87,220000,0
06/22/2001,16:00,4.75,5.10,4.60,4.93,94300,0
06/29/2001,16:00,4.61,6.50,4.37,6.45,420400,0
07/06/2001,16:00,6.05,6.59,5.25,5.61,135100,0
07/13/2001,16:00,5.62,5.80,4.72,4.85,96100,0
07/20/2001,16:00,4.96,4.96,4.20,4.46,89000,0
07/27/2001,16:00,4.50,4.70,4.00,4.53,85700,0
08/03/2001,16:00,4.50,4.97,3.50,4.00,165600,0
08/10/2001,16:00,4.20,4.95,4.00,4.05,168800,0
08/17/2001,16:00,4.01,5.00,4.00,4.27,194200,0
08/24/2001,16:00,4.47,4.85,4.11,4.11,33400,0
08/31/2001,16:00,4.32,4.55,4.10,4.35,69000,0
09/07/2001,16:00,4.35,4.44,4.10,4.10,35700,0
09/14/2001,16:00,4.11,4.11,4.00,4.10,10500,0
09/21/2001,16:00,4.10,4.13,3.03,3.50,134600,0
09/28/2001,16:00,3.61,4.04,3.51,3.59,122200,0
10/05/2001,16:00,3.54,3.86,3.30,3.51,113500,0
10/12/2001,16:00,3.51,3.60,3.10,3.40,58600,0
10/19/2001,16:00,3.60,5.05,3.48,4.10,376600,0
10/26/2001,16:00,4.18,4.47,3.82,4.16,188000,0
11/02/2001,16:00,4.35,4.50,3.60,3.69,112900,0
11/09/2001,16:00,3.95,4.08,3.50,3.62,187100,0
11/16/2001,16:00,3.52,3.78,3.45,3.77,156000,0
11/23/2001,16:00,3.75,3.75,3.50,3.73,173600,0
11/30/2001,16:00,3.65,4.08,3.60,3.79,264500,0
12/07/2001,16:00,3.65,4.07,3.57,3.70,227700,0
12/14/2001,16:00,3.75,3.78,3.45,3.46,310800,0
12/21/2001,16:00,3.50,3.55,3.25,3.36,453200,0
12/28/2001,16:00,3.40,3.85,3.31,3.81,1121100,0
01/04/2002,16:00,3.80,4.99,3.78,4.84,467600,0
01/11/2002,16:00,4.95,6.10,4.57,5.90,356200,0
01/18/2002,16:00,5.98,5.98,4.96,5.50,307300,0
01/25/2002,16:00,5.50,5.60,5.00,5.20,115400,0
02/01/2002,16:00,5.17,5.65,5.00,5.34,167800,0
02/08/2002,16:00,5.15,5.50,4.11,4.65,354200,0
02/15/2002,16:00,4.66,5.14,4.40,4.77,106200,0
02/22/2002,16:00,4.80,5.05,4.50,4.88,54200,0
03/01/2002,16:00,4.65,4.79,4.14,4.30,55500,0
03/08/2002,16:00,4.25,4.25,3.68,3.99,80800,0
03/15/2002,16:00,4.15,4.45,3.81,4.37,76400,0
03/22/2002,16:00,4.47,4.48,3.70,4.30,113300,0
03/29/2002,16:00,4.40,4.77,4.30,4.57,143500,0
04/05/2002,16:00,4.57,4.82,4.30,4.50,128800,0
04/12/2002,16:00,4.42,4.65,3.75,4.42,108600,0
04/19/2002,16:00,4.27,4.50,4.01,4.07,33600,0
04/26/2002,16:00,4.01,4.29,3.91,4.10,64000,0
05/03/2002,16:00,4.02,4.05,3.61,3.67,74600,0
05/10/2002,16:00,3.66,3.85,3.46,3.50,54200,0
05/17/2002,16:00,3.44,3.75,3.10,3.37,70000,0
05/24/2002,16:00,3.37,3.65,3.30,3.45,29100,0
05/31/2002,16:00,3.35,3.45,2.98,3.01,71600,0
06/07/2002,16:00,3.07,3.19,2.80,3.00,68800,0
06/14/2002,16:00,3.01,3.05,2.80,2.80,38300,0
06/21/2002,16:00,2.80,3.14,2.37,2.48,86500,0
06/28/2002,16:00,2.50,2.50,0.60,0.87,1584000,0
07/05/2002,16:00,1.24,1.29,0.71,0.81,230900,0
07/12/2002,16:00,0.78,1.52,0.78,1.40,402600,0
07/19/2002,16:00,1.53,1.53,1.08,1.15,313100,0
07/26/2002,16:00,1.49,1.50,1.15,1.25,224844,0
08/02/2002,16:00,1.25,1.48,1.16,1.16,217399,0
08/09/2002,16:00,1.26,1.26,1.05,1.14,61400,0
08/16/2002,16:00,1.21,1.30,1.10,1.10,83700,0
08/23/2002,16:00,1.11,1.15,1.05,1.11,28600,0
08/30/2002,16:00,1.11,1.45,1.07,1.35,68500,0
09/06/2002,16:00,1.32,1.40,1.26,1.40,23123,0
09/13/2002,16:00,1.33,1.35,1.20,1.25,34500,0
09/20/2002,16:00,1.22,1.45,1.15,1.29,71100,0
09/27/2002,16:00,1.29,1.30,1.15,1.17,67700,0
10/04/2002,16:00,1.30,1.35,1.15,1.15,264456,0
10/11/2002,16:00,1.15,1.18,1.05,1.13,49400,0
10/18/2002,16:00,1.06,1.30,1.00,1.07,50060,0
10/25/2002,16:00,1.01,1.09,0.86,0.90,66100,0
11/01/2002,16:00,0.90,1.03,0.85,1.01,112100,0
11/08/2002,16:00,0.97,1.02,0.88,0.96,258660,0
11/15/2002,16:00,0.98,0.99,0.90,0.95,84990,0
11/22/2002,16:00,0.92,1.05,0.87,1.00,142800,0
11/29/2002,16:00,1.02,1.25,0.95,1.07,195200,0
12/06/2002,16:00,1.10,1.13,0.90,1.01,319585,0
12/13/2002,16:00,1.00,1.07,0.91,0.93,185800,0
12/20/2002,16:00,0.93,0.98,0.87,0.89,165799,0
12/27/2002,16:00,0.88,1.02,0.88,0.96,200300,0
01/03/2003,16:00,0.94,1.02,0.90,0.94,169300,0
01/10/2003,16:00,0.93,0.96,0.91,0.92,47900,0
01/17/2003,16:00,0.96,1.00,0.91,0.98,121900,0
01/24/2003,16:00,0.98,0.98,0.88,0.93,85300,0
01/31/2003,16:00,0.93,0.94,0.82,0.87,214400,0
02/07/2003,16:00,0.87,0.95,0.86,0.89,85100,0
02/14/2003,16:00,0.91,1.03,0.87,0.94,64000,0
02/21/2003,16:00,0.97,0.99,0.95,0.98,41900,0
02/28/2003,16:00,0.99,1.05,0.96,1.01,88700,0
03/07/2003,16:00,1.01,1.13,1.01,1.13,58950,0
03/14/2003,16:00,1.10,2.00,0.95,1.50,268171,0
03/21/2003,16:00,1.44,1.80,1.30,1.64,271707,0
03/28/2003,16:00,1.67,1.67,1.36,1.53,79618,0
04/04/2003,16:00,1.51,1.63,1.40,1.48,52160,0
04/11/2003,16:00,1.56,1.62,1.27,1.31,75200,0
04/18/2003,16:00,1.37,1.37,1.25,1.37,43400,0
04/25/2003,16:00,1.40,2.16,1.23,1.91,602092,0
05/02/2003,16:00,1.95,1.95,1.52,1.60,307313,0
05/09/2003,16:00,1.70,2.17,1.65,1.97,312030,0
05/16/2003,16:00,2.07,3.09,2.03,2.74,563647,0
05/23/2003,16:00,2.74,3.00,2.16,2.90,442409,0
05/30/2003,16:00,2.90,3.80,2.65,3.29,1465947,0
06/06/2003,16:00,3.36,3.80,3.10,3.60,791861,0
06/13/2003,16:00,3.43,4.39,3.39,4.05,281736,0
06/20/2003,16:00,3.96,4.51,3.61,4.28,495799,0
06/27/2003,16:00,4.35,4.45,3.51,3.84,287935,0
07/04/2003,16:00,3.89,3.89,2.88,3.50,281459,0
07/11/2003,16:00,3.54,3.75,3.24,3.35,235290,0
07/18/2003,16:00,3.52,3.54,3.05,3.50,335809,0
07/25/2003,16:00,3.28,3.82,2.90,3.63,180910,0
08/01/2003,16:00,3.70,4.18,3.25,3.99,421128,0
08/08/2003,16:00,4.00,5.00,3.91,4.30,434779,0
08/15/2003,16:00,4.20,4.85,4.00,4.35,369941,0
08/22/2003,16:00,4.40,4.85,4.36,4.56,323980,0
08/29/2003,16:00,4.54,4.88,4.06,4.84,159900,0
09/05/2003,16:00,4.91,6.00,4.80,5.75,493123,0
09/12/2003,16:00,5.75,6.55,5.51,6.44,520238,0
09/19/2003,16:00,6.24,7.37,6.16,6.76,460217,0
09/26/2003,16:00,6.70,7.15,6.25,6.38,294329,0
10/03/2003,16:00,6.51,7.24,6.15,7.13,249259,0
10/10/2003,16:00,7.25,8.45,7.13,8.41,616600,0
10/17/2003,16:00,8.43,8.65,7.50,7.95,342625,0
10/24/2003,16:00,7.80,9.41,7.76,8.85,479852,0
10/31/2003,16:00,8.96,9.00,7.25,8.08,1747214,0
11/07/2003,16:00,8.00,8.90,8.00,8.75,767347,0
11/14/2003,16:00,9.18,9.20,8.00,8.39,719483,0
11/21/2003,16:00,8.60,8.60,7.96,8.22,185797,0
11/28/2003,16:00,8.20,8.50,8.06,8.19,254216,0
12/05/2003,16:00,8.19,9.10,8.19,8.40,1369449,0
12/12/2003,16:00,8.55,8.68,6.56,6.99,2727367,0
12/19/2003,16:00,7.17,7.17,6.00,6.25,948621,0
12/26/2003,16:00,6.28,6.80,6.02,6.39,750201,0
01/02/2004,16:00,6.47,6.90,6.15,6.62,380573,0
01/09/2004,16:00,6.90,7.05,6.24,6.52,913723,0
01/16/2004,16:00,6.53,7.30,6.53,7.28,487823,0
01/23/2004,16:00,7.25,7.35,6.94,7.20,366847,0
01/30/2004,16:00,7.12,7.41,6.60,6.86,433376,0
02/06/2004,16:00,6.75,7.37,6.50,6.95,675088,0
02/13/2004,16:00,7.04,7.27,6.27,6.66,608922,0
02/20/2004,16:00,6.65,6.98,6.58,6.89,869600,0
02/27/2004,16:00,6.87,7.14,6.72,6.87,468665,0
03/05/2004,16:00,6.89,8.00,6.64,7.29,1163772,0
03/12/2004,16:00,7.43,8.75,7.25,8.13,1216621,0
03/19/2004,16:00,8.16,8.18,7.49,7.85,449925,0
03/26/2004,16:00,7.80,7.98,7.25,7.81,366433,0
04/02/2004,16:00,7.77,8.40,7.68,8.00,600808,0
04/09/2004,16:00,8.00,8.28,7.61,8.00,230312,0
04/16/2004,16:00,8.05,8.05,7.18,7.59,318672,0
04/23/2004,16:00,7.56,7.80,7.05,7.60,440972,0
04/30/2004,16:00,7.81,10.50,7.80,8.70,3199628,0
05/07/2004,16:00,8.81,9.66,8.62,9.39,814690,0
05/14/2004,16:00,9.28,10.00,8.07,9.69,836630,0
05/21/2004,16:00,9.56,10.18,8.83,9.26,551569,0
05/28/2004,16:00,9.10,11.19,9.10,10.80,1479923,0
06/04/2004,16:00,10.65,11.25,9.70,9.88,807856,0
06/11/2004,16:00,10.00,10.03,7.80,7.83,1889909,0
06/18/2004,16:00,7.83,8.06,7.13,7.86,867663,0
06/25/2004,16:00,7.78,8.06,7.20,7.84,1849122,0
07/02/2004,16:00,7.50,7.70,6.75,6.94,685120,0
07/09/2004,16:00,6.99,6.99,5.45,5.87,657314,0
07/16/2004,16:00,5.98,6.34,5.60,5.64,452714,0
07/23/2004,16:00,5.60,5.96,4.70,4.80,706549,0
07/30/2004,16:00,4.79,5.98,4.37,5.77,753278,0
08/06/2004,16:00,5.70,5.70,4.94,5.14,529697,0
08/13/2004,16:00,5.00,5.58,4.97,5.39,284997,0
08/20/2004,16:00,5.45,6.45,5.40,6.21,559010,0
08/27/2004,16:00,6.28,6.58,5.43,5.79,1126143,0
09/03/2004,16:00,5.88,6.58,5.50,5.90,530443,0
09/10/2004,16:00,6.10,6.22,5.36,5.37,230276,0
09/17/2004,16:00,5.36,5.57,5.03,5.41,500714,0
09/24/2004,16:00,5.23,5.48,5.00,5.09,307198,0
10/01/2004,16:00,5.15,5.23,4.85,5.20,340364,0
10/08/2004,16:00,5.22,5.30,4.84,5.08,292540,0
10/15/2004,16:00,5.14,5.34,4.63,4.89,293345,0
10/22/2004,16:00,4.75,5.34,4.70,5.09,343856,0
10/29/2004,16:00,5.08,5.28,4.96,5.28,353273,0
11/05/2004,16:00,5.30,6.60,5.20,6.51,791608,0
11/12/2004,16:00,6.62,6.94,6.04,6.27,574922,0
11/19/2004,16:00,6.21,6.60,6.15,6.24,261862,0
11/26/2004,16:00,6.12,6.59,6.11,6.49,214437,0
12/03/2004,16:00,6.67,6.80,5.94,6.26,733851,0
12/10/2004,16:00,5.95,6.86,5.65,5.83,774239,0
12/17/2004,16:00,5.96,5.96,5.32,5.49,444278,0
12/24/2004,16:00,5.49,5.97,5.22,5.86,382792,0
12/31/2004,16:00,6.00,6.05,5.70,5.78,608550,0
01/07/2005,16:00,5.99,6.05,5.52,5.95,376222,0
01/14/2005,16:00,6.00,6.10,5.82,6.05,459410,0
01/21/2005,16:00,6.05,6.14,5.88,5.97,154018,0
01/28/2005,16:00,6.07,6.07,5.61,5.95,378601,0
02/04/2005,16:00,6.00,6.91,5.85,6.50,1034264,0
02/11/2005,16:00,6.49,6.77,6.08,6.47,325360,0
02/18/2005,16:00,6.35,6.50,5.54,5.76,504466,0
02/25/2005,16:00,5.76,5.95,5.70,5.90,654292,0
03/04/2005,16:00,5.96,6.11,5.56,5.72,491768,0
03/11/2005,16:00,5.72,5.73,5.15,5.46,314500,0
03/18/2005,16:00,5.32,5.43,4.97,5.20,432737,0
03/25/2005,16:00,5.25,5.25,4.64,4.74,225295,0
04/01/2005,16:00,4.69,4.99,4.30,4.39,519668,0
04/08/2005,16:00,4.49,4.73,4.41,4.66,290777,0
04/15/2005,16:00,4.64,4.70,4.20,4.22,428082,0
04/22/2005,16:00,4.25,4.41,4.00,4.24,419520,0
04/29/2005,16:00,4.19,4.44,3.68,3.99,1063498,0
05/06/2005,16:00,3.84,4.20,3.70,4.14,442603,0
05/13/2005,16:00,4.21,4.39,3.96,3.97,290107,0
05/20/2005,16:00,3.96,4.35,3.96,4.11,253736,0
05/27/2005,16:00,3.97,4.62,3.97,4.43,659961,0
06/03/2005,16:00,4.64,4.90,4.36,4.47,365065,0
06/10/2005,16:00,4.40,4.76,4.11,4.40,690960,0
06/17/2005,16:00,4.35,4.49,4.25,4.43,427426,0
06/24/2005,16:00,4.70,5.00,4.50,5.00,1930591,0
07/01/2005,16:00,5.04,5.25,4.84,5.15,581021,0
07/08/2005,16:00,5.22,5.42,4.92,5.28,323171,0
07/15/2005,16:00,5.39,6.00,5.26,5.80,383425,0
07/22/2005,16:00,5.88,6.89,5.75,6.64,943213,0
07/29/2005,16:00,6.44,7.08,6.03,6.95,535347,0
08/05/2005,16:00,7.08,7.90,7.03,7.53,740152,0
08/12/2005,16:00,7.49,7.57,6.70,6.89,727230,0
08/19/2005,16:00,7.04,7.78,6.74,7.18,642890,0
08/26/2005,16:00,7.30,8.89,7.14,8.61,1233288,0
09/02/2005,16:00,8.66,8.99,8.37,8.55,671819,0
09/09/2005,16:00,8.51,8.75,8.22,8.47,433931,0
09/16/2005,16:00,8.57,9.56,8.40,9.25,818334,0
09/23/2005,16:00,9.32,9.97,8.86,9.67,1061581,0
09/30/2005,16:00,9.77,10.44,8.95,9.78,1802576,0
10/07/2005,16:00,10.09,12.36,9.70,11.65,7883105,0
10/14/2005,16:00,12.59,17.20,11.96,16.75,68820351,0
10/21/2005,16:00,16.42,18.42,13.81,15.33,60963075,0
10/28/2005,16:00,15.31,16.29,13.32,13.63,23841306,0
11/04/2005,16:00,13.98,14.44,13.31,13.70,9673013,0
11/11/2005,16:00,13.87,14.21,10.90,11.28,10972818,0
11/18/2005,16:00,11.16,12.50,11.05,12.16,8425147,0
11/25/2005,16:00,12.30,12.30,11.80,11.97,2220996,0
12/02/2005,16:00,12.18,16.50,11.34,14.57,52869381,0
12/09/2005,16:00,14.50,15.49,14.25,14.52,9866685,0
12/16/2005,16:00,14.84,15.90,14.50,15.45,9201728,0
12/23/2005,16:00,15.49,17.93,14.60,17.63,19069690,0
12/30/2005,16:00,17.75,18.64,16.51,16.75,5268778,0
01/06/2006,16:00,16.91,18.67,16.61,18.05,4801108,0
01/13/2006,16:00,18.86,20.69,18.03,19.04,10273680,0
01/20/2006,16:00,20.79,23.00,19.78,20.00,26792726,0
01/27/2006,16:00,19.73,20.75,17.31,18.11,6713782,0
02/03/2006,16:00,18.11,19.98,17.91,19.69,4082099,0
02/10/2006,16:00,20.01,20.15,15.80,16.29,7811763,0
02/17/2006,16:00,16.57,19.42,16.50,19.07,5274934,0
02/24/2006,16:00,19.63,19.96,18.58,19.74,3000655,0
03/03/2006,16:00,20.25,21.59,19.58,20.75,6252353,0
03/10/2006,16:00,20.99,21.10,18.14,20.00,4116597,0
03/17/2006,16:00,20.13,20.28,18.83,19.19,3012577,0
03/24/2006,16:00,19.20,19.86,18.50,18.74,3141737,0
03/31/2006,16:00,18.75,18.80,17.50,18.06,2774623,0
04/07/2006,16:00,18.01,18.11,16.30,16.92,2856346,0
04/14/2006,16:00,17.00,17.84,16.58,17.30,2812992,0
04/21/2006,16:00,17.06,17.60,16.80,17.35,1353706,0
04/28/2006,16:00,17.26,17.39,15.03,15.55,2720576,0
05/05/2006,16:00,15.54,16.45,14.39,14.86,3923431,0
05/12/2006,16:00,15.00,16.00,12.46,13.26,3525182,0
05/19/2006,16:00,13.23,13.26,11.27,11.74,3145597,0
05/26/2006,16:00,11.67,13.77,10.89,13.08,9330623,0
06/02/2006,16:00,13.00,13.60,12.46,13.37,2140512,0
06/09/2006,16:00,13.48,13.56,11.41,12.14,2180557,0
06/16/2006,16:00,12.22,12.89,11.02,12.50,2402685,0
06/23/2006,16:00,12.65,14.28,12.40,14.07,2210146,0
06/30/2006,16:00,14.07,14.84,13.27,14.33,4635191,0
07/07/2006,16:00,14.41,14.94,14.20,14.23,1112595,0
07/14/2006,16:00,14.33,14.69,12.55,12.55,1717397,0
07/21/2006,16:00,12.50,12.80,11.85,11.87,1361373,0
07/28/2006,16:00,11.86,12.34,10.37,10.83,2554229,0
08/04/2006,16:00,10.83,11.49,10.70,11.06,1502492,0
08/11/2006,16:00,11.18,11.52,8.82,8.91,2988929,0
08/18/2006,16:00,8.98,9.57,8.20,9.18,2329604,0
08/25/2006,16:00,9.16,9.74,9.09,9.35,1534209,0
09/01/2006,16:00,9.59,10.35,9.52,9.96,2018671,0
09/08/2006,16:00,10.19,10.27,9.65,9.80,1204120,0
09/15/2006,16:00,9.75,10.18,9.36,10.00,1401456,0
09/22/2006,16:00,10.02,10.19,9.74,9.84,1782872,0
09/29/2006,16:00,9.81,13.38,9.80,12.47,5662958,0
10/06/2006,16:00,12.50,12.50,10.80,11.35,3929372,0
10/13/2006,16:00,11.34,11.97,11.14,11.79,1413140,0
10/20/2006,16:00,11.90,12.25,11.64,11.93,920072,0
10/27/2006,16:00,11.95,12.08,11.32,11.41,840269,0
11/03/2006,16:00,11.44,12.20,11.00,11.37,1356451,0
11/10/2006,16:00,11.63,12.18,11.01,11.17,2095005,0
11/17/2006,16:00,11.10,12.19,11.08,11.73,1529534,0
11/24/2006,16:00,11.91,12.49,11.65,11.89,1109997,0
12/01/2006,16:00,11.78,11.86,10.81,11.29,1410180,0
12/08/2006,16:00,11.28,11.85,11.15,11.42,1116942,0
12/15/2006,16:00,11.42,11.93,10.80,11.86,2760881,0
12/22/2006,16:00,12.05,12.89,11.68,11.92,3057219,0
12/29/2006,16:00,11.89,12.21,11.38,11.56,1374582,0
01/05/2007,16:00,11.60,12.50,10.86,11.81,5633058,0
01/12/2007,16:00,11.85,11.90,10.44,10.96,4610314,0
01/19/2007,16:00,11.25,11.29,10.37,10.43,1638842,0
01/26/2007,16:00,10.45,10.69,9.95,10.07,2510442,0
02/02/2007,16:00,10.09,10.34,10.05,10.11,1048011,0
02/09/2007,16:00,10.46,11.18,10.42,10.99,2783779,0
02/16/2007,16:00,10.99,11.34,10.70,10.81,1840577,0
02/23/2007,16:00,10.81,10.98,10.70,10.83,787182,0
03/02/2007,16:00,10.84,10.86,9.22,9.32,2121809,0
03/09/2007,16:00,9.10,9.93,8.85,9.67,2343054,0
03/16/2007,16:00,9.62,9.84,8.99,9.23,1648222,0
03/23/2007,16:00,9.25,9.86,9.07,9.54,1839626,0
03/30/2007,16:00,9.51,9.60,7.80,8.37,3760455,0
04/06/2007,16:00,8.42,8.62,8.10,8.46,956674,0
04/13/2007,16:00,8.46,9.95,8.46,9.91,1848517,0
04/20/2007,16:00,9.98,10.05,9.26,9.38,1135487,0
04/27/2007,16:00,9.38,9.44,8.70,8.73,869968,0
05/04/2007,16:00,8.73,9.29,8.27,9.05,1773200,0
05/11/2007,16:00,9.06,9.11,7.88,7.93,1444950,0
05/18/2007,16:00,7.99,8.19,7.62,7.88,1485879,0
05/25/2007,16:00,7.89,8.19,7.78,8.09,912189,0
06/01/2007,16:00,8.09,8.38,7.95,8.27,670109,0
06/08/2007,16:00,8.25,8.58,7.59,7.65,1214442,0
06/15/2007,16:00,7.60,7.67,7.15,7.54,1602993,0
06/22/2007,16:00,7.54,7.61,6.57,7.14,5026315,0
06/29/2007,16:00,7.32,8.19,7.26,7.73,1939318,0
07/06/2007,16:00,7.79,8.23,7.75,7.82,629213,0
07/13/2007,16:00,7.92,8.80,7.92,8.65,1187550,0
07/20/2007,16:00,8.72,8.75,8.01,8.35,813833,0
07/27/2007,16:00,8.50,8.95,8.01,8.20,946253,0
08/03/2007,16:00,8.20,8.79,7.82,7.88,970352,0
08/10/2007,16:00,7.94,9.96,7.90,9.52,2257268,0
08/17/2007,16:00,9.62,10.68,9.56,10.24,1742364,0
08/24/2007,16:00,10.29,11.43,10.25,11.17,1328841,0
08/31/2007,16:00,11.14,11.74,11.01,11.14,876382,0
09/07/2007,16:00,11.12,13.18,11.12,12.70,1433874,0
09/14/2007,16:00,12.47,12.60,11.54,11.75,1503808,0
09/21/2007,16:00,11.83,11.92,7.23,7.98,9217343,0
09/28/2007,16:00,7.90,7.98,7.20,7.22,2311797,0
10/05/2007,16:00,7.17,7.60,7.13,7.56,1589861,0
10/12/2007,16:00,7.52,8.33,7.52,7.92,1434476,0
10/19/2007,16:00,7.90,8.09,7.64,7.81,893035,0
10/26/2007,16:00,7.74,8.13,7.51,8.02,826929,0
11/02/2007,16:00,8.07,8.07,7.80,8.00,700462,0
11/09/2007,16:00,8.00,8.00,6.50,6.75,1218477,0
11/16/2007,16:00,6.78,6.90,6.12,6.47,1376465,0
11/23/2007,16:00,6.42,6.55,5.94,6.42,644979,0
11/30/2007,16:00,6.42,6.85,5.90,6.35,799170,0
12/07/2007,16:00,6.32,6.44,5.80,6.05,620473,0
12/14/2007,16:00,6.05,6.66,6.05,6.24,1489038,0
12/21/2007,16:00,6.15,6.69,5.90,6.04,858394,0
12/28/2007,16:00,6.04,6.16,5.68,5.89,678458,0
01/04/2008,16:00,5.84,6.29,5.71,5.72,804511,0
01/11/2008,16:00,5.70,6.38,5.59,5.88,950942,0
01/18/2008,16:00,5.85,6.53,5.63,5.63,1540699,0
01/25/2008,16:00,5.01,5.57,4.43,4.55,1163397,0
02/01/2008,16:00,4.36,4.63,3.90,4.15,911473,0
02/08/2008,16:00,4.12,4.92,3.81,3.89,817530,0
02/15/2008,16:00,3.93,4.13,3.83,3.99,429072,0
02/22/2008,16:00,3.99,4.10,3.84,3.97,448719,0
02/29/2008,16:00,3.97,4.26,3.80,3.98,515762,0
03/07/2008,16:00,3.91,4.04,3.26,3.46,768928,0
03/14/2008,16:00,3.28,3.39,2.81,3.26,1352461,0
03/21/2008,16:00,3.16,3.60,3.00,3.59,752071,0
03/28/2008,16:00,3.57,4.77,3.51,4.06,1008378,0
04/04/2008,16:00,4.17,4.98,4.07,4.14,782990,0
04/11/2008,16:00,4.09,4.56,3.95,4.04,660276,0
04/18/2008,16:00,4.02,4.31,3.60,4.26,536479,0
04/25/2008,16:00,4.28,4.31,3.73,3.77,432743,0
05/02/2008,16:00,3.75,4.00,3.50,3.53,497259,0
05/09/2008,16:00,3.56,3.58,2.68,2.70,2303857,0
05/16/2008,16:00,2.70,3.19,2.70,3.05,671310,0
05/23/2008,16:00,3.06,3.22,2.90,3.00,437195,0
05/30/2008,16:00,2.98,3.04,2.76,2.94,441615,0
06/06/2008,16:00,2.91,3.09,2.78,2.83,777808,0
06/13/2008,16:00,2.81,2.94,2.58,2.87,552647,0
06/20/2008,16:00,2.80,2.97,2.66,2.81,349404,0
06/27/2008,16:00,2.79,3.00,2.73,2.76,361308,0
07/04/2008,16:00,2.80,2.85,2.58,2.72,267253,0
07/11/2008,16:00,2.75,2.83,2.56,2.69,439962,0
07/18/2008,16:00,2.68,2.80,2.55,2.63,396545,0
07/25/2008,16:00,2.69,2.81,2.61,2.62,213127,0
08/01/2008,16:00,2.83,3.46,2.68,3.30,1364246,0
08/08/2008,16:00,3.28,3.30,2.40,2.72,818553,0
08/15/2008,16:00,2.68,3.25,2.68,3.09,536842,0
08/22/2008,16:00,3.15,3.39,3.12,3.35,352340,0
08/29/2008,16:00,3.38,3.45,3.20,3.37,276034,0
09/05/2008,16:00,3.44,3.60,3.31,3.37,150093,0
09/12/2008,16:00,3.26,3.34,2.52,2.65,291100,0
09/19/2008,16:00,2.60,3.16,2.45,3.07,459335,0
09/26/2008,16:00,3.03,3.20,2.63,3.08,428183,0
10/03/2008,16:00,3.00,3.59,2.40,2.41,449045,0
10/10/2008,16:00,2.42,2.49,1.64,1.79,620990,0
10/17/2008,16:00,1.80,2.78,1.80,1.87,421539,0
10/24/2008,16:00,1.90,2.20,1.60,1.63,227775,0
10/31/2008,16:00,1.66,1.84,1.41,1.60,739349,0
11/07/2008,16:00,1.66,1.79,1.60,1.60,289187,0
11/14/2008,16:00,1.70,1.77,1.11,1.13,528739,0
11/21/2008,16:00,1.13,1.23,0.85,0.96,913031,0
11/28/2008,16:00,1.01,1.61,0.96,1.43,223215,0
12/05/2008,16:00,1.43,1.49,1.06,1.47,416819,0
12/12/2008,16:00,1.49,1.65,1.36,1.52,600849,0
12/19/2008,16:00,1.52,1.87,1.42,1.69,558680,0
12/26/2008,16:00,1.69,1.69,1.28,1.28,238925,0
01/02/2009,16:00,1.26,1.53,1.15,1.50,385458,0
01/09/2009,16:00,1.55,2.09,1.50,2.05,289695,0
01/16/2009,16:00,2.10,2.37,1.75,2.05,229470,0
01/23/2009,16:00,2.10,2.15,1.79,1.85,108467,0
01/30/2009,16:00,1.80,2.05,1.80,1.90,174364,0
02/06/2009,16:00,2.05,2.10,1.70,1.80,268813,0
02/13/2009,16:00,1.94,1.94,1.66,1.70,161805,0
02/20/2009,16:00,1.65,1.78,1.48,1.48,86515,0
02/27/2009,16:00,1.48,1.63,1.28,1.28,223533,0
03/06/2009,16:00,1.27,1.46,1.15,1.19,342894,0
03/13/2009,16:00,1.25,1.37,1.15,1.35,319689,0
03/20/2009,16:00,1.40,1.40,1.15,1.16,155098,0
03/27/2009,16:00,1.17,2.25,1.16,2.07,519357,0
04/03/2009,16:00,2.05,2.25,1.65,1.93,453102,0
04/10/2009,16:00,2.12,2.12,1.70,1.84,221783,0
04/17/2009,16:00,1.71,2.05,1.71,2.05,318151,0
04/24/2009,16:00,1.97,2.28,1.73,2.21,677787,0
05/01/2009,16:00,3.72,4.89,3.04,3.75,24140620,0
05/08/2009,16:00,3.42,3.49,2.77,2.95,5340199,0
05/15/2009,16:00,3.00,3.25,2.36,3.19,5683611,0
05/22/2009,16:00,3.49,4.00,3.30,3.69,6286327,0
05/29/2009,16:00,3.85,4.99,3.84,4.02,7646244,0
06/05/2009,16:00,4.05,4.19,3.76,4.18,3163890,0
06/12/2009,16:00,4.17,4.71,3.96,4.47,5325967,0
06/19/2009,16:00,4.59,4.59,3.80,4.03,2576960,0
06/26/2009,16:00,4.10,4.44,3.55,4.34,5908978,0
07/03/2009,16:00,4.29,4.37,3.86,4.10,2097638,0
07/10/2009,16:00,4.19,4.25,3.65,3.83,2122661,0
07/17/2009,16:00,3.86,6.43,3.83,5.95,9498306,0
07/24/2009,16:00,6.00,9.68,5.60,9.49,19194124,0
07/31/2009,16:00,9.99,11.46,9.01,9.20,17084903,0
08/07/2009,16:00,9.10,9.99,8.70,9.24,7592599,0
08/14/2009,16:00,9.27,10.44,9.00,10.10,9701903,0
08/21/2009,16:00,9.88,10.39,9.28,10.05,7050963,0
08/28/2009,16:00,10.12,13.18,9.95,12.58,26955105,0
09/04/2009,16:00,12.50,13.47,10.27,11.40,18113207,0
09/11/2009,16:00,11.41,11.85,10.31,10.67,8965972,0
09/18/2009,16:00,10.87,12.40,9.65,10.02,21291322,0
09/25/2009,16:00,10.06,10.30,8.08,8.25,17115963,0
10/02/2009,16:00,8.30,8.65,7.68,8.29,12210629,0
10/09/2009,16:00,8.30,8.82,8.00,8.76,6552301,0
10/16/2009,16:00,8.65,9.75,8.25,9.41,6364182,0
10/23/2009,16:00,9.75,10.11,9.00,9.66,9494987,0
10/30/2009,16:00,10.89,11.31,8.70,8.93,25317777,0
11/06/2009,16:00,8.98,11.88,8.83,11.28,17592049,0
11/13/2009,16:00,11.30,12.70,10.70,12.30,13810932,0
11/20/2009,16:00,12.38,12.40,9.54,9.55,17187398,0
11/27/2009,16:00,9.63,9.70,8.14,8.16,8272380,0
12/04/2009,16:00,8.16,8.54,7.34,7.57,10192611,0
12/11/2009,16:00,7.45,7.49,6.60,6.70,10707432,0
12/18/2009,16:00,6.71,6.88,5.55,5.91,7727870,0
12/25/2009,16:00,6.05,6.93,5.75,6.83,6604386,0
01/01/2010,16:00,6.92,7.06,6.30,6.46,4496750,0
01/08/2010,16:00,6.53,7.85,6.50,7.85,7640356,0
01/15/2010,16:00,8.05,8.34,7.57,8.12,8538699,0
01/22/2010,16:00,8.04,8.17,6.64,6.82,4345094,0
01/29/2010,16:00,6.88,7.03,6.45,6.84,3277316,0
02/05/2010,16:00,6.92,7.69,6.42,6.76,4646385,0
02/12/2010,16:00,6.76,7.42,6.21,7.26,4384197,0
02/19/2010,16:00,7.30,7.37,6.81,6.90,1723050,0
02/26/2010,16:00,6.84,6.92,6.40,6.40,2384675,0
03/05/2010,16:00,6.45,7.15,6.42,6.89,2682873,0
03/12/2010,16:00,6.85,7.70,6.85,7.35,2578773,0
03/19/2010,16:00,7.34,7.46,6.70,6.73,2245077,0
03/26/2010,16:00,6.70,7.03,6.40,6.66,2265772,0
04/02/2010,16:00,6.69,7.28,6.50,6.83,3320422,0
04/09/2010,16:00,6.91,8.24,6.90,8.19,5911872,0
04/16/2010,16:00,8.25,8.28,7.49,7.64,4851341,0
04/23/2010,16:00,7.65,7.86,7.20,7.36,1939473,0
04/30/2010,16:00,7.40,8.37,6.98,7.59,7785549,0
05/07/2010,16:00,7.73,7.97,6.50,7.12,4091187,0
05/14/2010,16:00,7.59,7.70,6.96,7.66,4884888,0
05/21/2010,16:00,7.65,7.85,6.90,7.00,4274779,0
05/28/2010,16:00,7.01,7.43,6.80,7.08,2785163,0
06/04/2010,16:00,7.00,7.11,6.50,6.76,1825962,0
06/11/2010,16:00,6.76,6.92,5.88,6.38,2374380,0
06/18/2010,16:00,6.63,6.72,6.25,6.53,1355054,0
06/25/2010,16:00,6.63,6.88,5.79,5.89,2437011,0
07/02/2010,16:00,5.87,6.50,5.43,5.69,2436901,0
07/09/2010,16:00,5.76,5.96,5.25,5.93,1271902,0
07/16/2010,16:00,5.92,6.20,5.36,5.54,1865537,0
07/23/2010,16:00,5.53,5.83,5.00,5.80,1914045,0
07/30/2010,16:00,5.83,6.08,5.54,5.97,1177887,0
08/06/2010,16:00,6.05,6.24,5.50,5.69,1517861,0
08/13/2010,16:00,5.71,5.71,4.93,4.98,2132238,0
08/20/2010,16:00,5.07,5.21,4.78,4.81,1710440,0
08/27/2010,16:00,4.86,4.95,4.43,4.82,1670748,0
09/03/2010,16:00,4.83,5.49,4.63,5.36,1841758,0
09/10/2010,16:00,5.31,5.39,5.14,5.37,982549,0
09/17/2010,16:00,5.41,5.69,4.99,5.02,2885457,0
09/24/2010,16:00,5.01,5.35,4.64,4.75,2823427,0
10/01/2010,16:00,4.74,5.10,4.64,5.01,1477061,0
10/08/2010,16:00,4.97,5.05,4.75,5.02,965602,0
10/15/2010,16:00,5.03,5.35,4.93,5.02,1127291,0
10/22/2010,16:00,5.01,5.27,4.86,5.19,1174878,0
10/29/2010,16:00,5.26,5.28,4.92,4.96,1397615,0
11/05/2010,16:00,5.01,5.35,4.67,5.25,1941870,0
11/12/2010,16:00,5.22,5.49,4.95,4.97,1309423,0
11/19/2010,16:00,4.97,5.08,4.65,4.96,1785475,0
11/26/2010,16:00,4.92,4.98,4.71,4.83,737159,0
12/03/2010,16:00,4.78,5.15,4.75,4.82,1196551,0
12/10/2010,16:00,4.79,5.00,4.78,4.94,809714,0
12/17/2010,16:00,5.01,5.60,4.96,5.55,1913482,0
12/24/2010,16:00,5.59,5.69,5.35,5.55,873728,0
12/31/2010,16:00,5.52,5.86,5.07,5.17,1578505,0
01/07/2011,16:00,5.24,5.43,5.11,5.21,857598,0
01/14/2011,16:00,5.17,5.31,4.63,4.71,2143007,0
01/21/2011,16:00,4.67,4.70,4.23,4.25,2100029,0
01/28/2011,16:00,4.23,4.54,4.19,4.21,1744269,0
02/04/2011,16:00,4.26,4.33,4.05,4.08,1516953,0
02/11/2011,16:00,4.05,4.49,3.87,4.31,2506830,0
02/18/2011,16:00,4.31,4.42,4.15,4.20,1284385,0
02/25/2011,16:00,4.12,4.36,3.88,4.29,1798344,0
03/04/2011,16:00,4.33,4.37,4.07,4.08,969654,0
03/11/2011,16:00,4.09,4.20,3.66,3.76,1426652,0
03/18/2011,16:00,3.70,3.76,3.27,3.44,1915986,0
03/25/2011,16:00,3.51,3.67,3.33,3.59,1013298,0
04/01/2011,16:00,3.59,3.90,3.45,3.90,1337249,0
04/08/2011,16:00,3.94,3.94,3.74,3.78,793928,0
04/15/2011,16:00,3.77,3.79,3.60,3.64,600251,0
04/22/2011,16:00,3.57,3.66,3.50,3.57,454927,0
04/29/2011,16:00,3.59,3.90,3.58,3.89,758954,0
05/06/2011,16:00,3.88,3.92,3.30,3.43,995654,0
05/13/2011,16:00,3.40,3.59,3.35,3.46,1043571,0
05/20/2011,16:00,3.42,3.56,3.26,3.30,823732,0
05/27/2011,16:00,3.25,3.41,3.17,3.38,941345,0
06/03/2011,16:00,3.45,3.51,3.35,3.35,749651,0
06/10/2011,16:00,3.40,3.65,3.21,3.55,1098231,0
06/17/2011,16:00,3.60,4.29,3.60,4.00,2834908,0
06/24/2011,16:00,3.97,4.05,3.69,3.84,1146065,0
07/01/2011,16:00,3.81,3.96,3.66,3.78,829281,0
07/08/2011,16:00,3.78,3.97,3.63,3.92,841038,0
07/15/2011,16:00,3.86,4.01,3.72,3.93,605453,0
07/22/2011,16:00,3.92,3.98,3.75,3.89,545296,0
07/29/2011,16:00,3.84,3.87,3.34,3.40,971405,0
08/05/2011,16:00,3.47,3.52,2.55,2.69,1532560,0
08/12/2011,16:00,2.55,2.69,2.30,2.54,1669664,0
08/19/2011,16:00,2.57,2.77,2.45,2.47,938544,0
08/26/2011,16:00,2.55,2.76,2.48,2.72,781375,0
09/02/2011,16:00,2.77,3.46,2.76,2.91,2215031,0
09/09/2011,16:00,2.76,3.06,2.73,2.76,1132501,0
09/16/2011,16:00,2.72,3.03,2.72,2.91,980391,0
09/23/2011,16:00,2.85,2.96,2.64,2.78,662838,0
09/30/2011,16:00,2.80,3.00,2.64,2.76,808359,0
10/07/2011,16:00,2.75,2.99,2.40,2.46,1565551,0
10/14/2011,16:00,2.53,2.93,2.47,2.74,723360,0
10/21/2011,16:00,2.67,2.95,2.56,2.87,663709,0
10/28/2011,16:00,2.88,3.33,2.87,3.23,901165,0
11/04/2011,16:00,3.16,3.17,2.75,2.99,710243,0
11/11/2011,16:00,2.99,3.14,2.84,3.03,774140,0
11/18/2011,16:00,3.01,3.02,2.68,2.82,609852,0
11/25/2011,16:00,2.74,2.93,2.59,2.63,445327,0
12/02/2011,16:00,2.76,2.99,2.60,2.94,700651,0
12/09/2011,16:00,2.94,2.96,2.59,2.66,570596,0
12/16/2011,16:00,2.61,2.75,2.44,2.48,889159,0
12/23/2011,16:00,2.50,2.56,2.37,2.48,960073,0
12/30/2011,16:00,2.45,2.50,2.28,2.47,843928,0
01/06/2012,16:00,2.53,2.56,2.37,2.41,602980,0
01/13/2012,16:00,2.50,2.95,2.43,2.85,2174304,0
01/20/2012,16:00,2.88,2.90,2.74,2.85,598799,0
01/27/2012,16:00,2.84,3.50,2.75,3.48,1606474,0
02/03/2012,16:00,3.42,4.07,3.36,4.03,2025997,0
02/10/2012,16:00,3.98,4.09,3.82,3.84,896769,0
02/17/2012,16:00,3.92,4.58,3.55,4.52,4617581,0
02/24/2012,16:00,4.55,4.59,4.11,4.31,2404974,0
03/02/2012,16:00,4.27,4.88,4.22,4.69,2134564,0
03/09/2012,16:00,4.70,5.95,4.69,5.59,5692363,0
03/16/2012,16:00,5.62,5.70,4.78,5.37,2487237,0
03/23/2012,16:00,5.36,5.51,5.04,5.17,1292397,0
03/30/2012,16:00,5.16,5.29,4.82,4.83,1205454,0
04/06/2012,16:00,4.82,5.00,4.34,4.36,1086409,0
04/13/2012,16:00,4.28,4.34,3.91,3.93,1244696,0
04/20/2012,16:00,3.95,4.18,3.74,4.16,1700290,0
04/27/2012,16:00,4.19,4.25,3.80,3.83,1176518,0
05/04/2012,16:00,3.83,3.89,3.31,3.37,1641451,0
05/11/2012,16:00,3.39,3.83,3.37,3.73,1560904,0
05/18/2012,16:00,3.66,3.82,3.25,3.30,1128348,0
05/25/2012,16:00,3.32,3.45,3.16,3.26,1126071,0
06/01/2012,16:00,3.27,3.32,2.90,2.92,1164785,0
06/08/2012,16:00,2.93,3.72,2.93,3.55,1655517,0
06/15/2012,16:00,3.63,3.75,3.46,3.63,1802550,0
06/22/2012,16:00,3.62,4.06,3.61,3.84,5514844,0
06/29/2012,16:00,3.81,4.05,3.64,3.97,1333197,0
07/06/2012,16:00,3.99,4.10,3.83,3.90,1498258,0
07/13/2012,16:00,3.91,4.58,3.82,4.27,2728511,0
07/20/2012,16:00,4.30,4.70,4.13,4.49,1859059,0
07/27/2012,16:00,4.40,4.73,4.28,4.71,2033549,0
08/03/2012,16:00,4.70,4.74,3.95,4.24,1828051,0
08/10/2012,16:00,4.25,4.26,3.95,4.02,901058,0
08/17/2012,16:00,4.02,4.10,3.47,4.02,1943106,0
08/24/2012,16:00,4.02,4.07,3.90,3.92,1167209,0
08/31/2012,16:00,3.94,4.39,3.92,4.37,1103608,0
09/07/2012,16:00,4.34,4.49,4.07,4.14,1016606,0
09/14/2012,16:00,4.14,4.47,4.01,4.43,881043,0
09/21/2012,16:00,4.39,4.46,4.16,4.27,1197054,0
09/28/2012,16:00,4.24,4.45,3.95,4.24,1139406,0
10/05/2012,16:00,4.26,4.42,4.09,4.20,824097,0
10/12/2012,16:00,4.19,4.25,3.99,4.04,439729,0
10/19/2012,16:00,4.04,4.60,3.98,4.50,1671945,0
10/26/2012,16:00,4.60,4.95,4.05,4.08,1741976,0
11/02/2012,16:00,3.22,3.30,1.71,2.57,3128754,0
11/09/2012,16:00,2.58,2.68,1.31,1.52,6971975,0
11/16/2012,16:00,1.54,1.58,1.08,1.26,3472472,0
11/23/2012,16:00,1.26,1.75,1.23,1.61,2396745,0
11/30/2012,16:00,1.61,2.88,1.40,1.72,6246071,0
12/07/2012,16:00,1.63,1.65,1.33,1.37,3953535,0
12/14/2012,16:00,1.35,1.58,1.33,1.50,2363276,0
12/21/2012,16:00,1.50,1.72,1.44,1.57,2756313,0
12/28/2012,16:00,1.59,1.59,1.36,1.40,1170686,0
01/04/2013,16:00,1.39,1.75,1.35,1.66,2248464,0
01/11/2013,16:00,1.66,1.89,1.57,1.84,3545089,0
01/18/2013,16:00,2.04,2.04,1.62,1.66,4227243,0
01/25/2013,16:00,1.70,1.70,1.53,1.60,1613638,0
02/01/2013,16:00,1.60,1.76,1.53,1.65,2114098,0
02/08/2013,16:00,1.62,1.65,1.43,1.43,1652014,0
02/15/2013,16:00,1.41,1.50,1.31,1.38,1652095,0
02/22/2013,16:00,1.37,1.42,1.23,1.26,1456836,0
03/01/2013,16:00,1.25,1.28,1.13,1.19,1582034,0
03/08/2013,16:00,1.19,1.29,1.12,1.27,1526312,0
03/15/2013,16:00,1.26,1.34,1.22,1.31,1730781,0
03/22/2013,16:00,1.30,1.37,1.19,1.29,940543,0
03/29/2013,16:00,1.32,1.32,1.17,1.19,623712,0
04/05/2013,16:00,1.54,1.74,1.26,1.70,11767639,0
04/12/2013,16:00,2.01,2.21,1.62,1.89,26864064,0
04/19/2013,16:00,2.05,2.09,1.76,1.81,13722998,0
04/26/2013,16:00,1.84,2.04,1.71,1.91,9743283,0
05/03/2013,16:00,1.91,2.09,1.85,1.94,11422633,0
05/10/2013,16:00,1.95,1.97,1.76,1.80,5352076,0
05/17/2013,16:00,1.78,1.84,1.61,1.71,5857189,0
05/24/2013,16:00,1.71,1.74,1.58,1.59,3624656,0
05/31/2013,16:00,1.65,1.80,1.55,1.71,3914459,0
06/07/2013,16:00,1.71,1.74,1.61,1.68,2844892,0
06/14/2013,16:00,1.68,1.71,1.63,1.68,1911987,0
06/21/2013,16:00,1.70,1.83,1.51,1.51,3418273,0
06/28/2013,16:00,1.50,1.68,1.42,1.55,10175150,0
07/05/2013,16:00,1.56,1.68,1.51,1.62,1413116,0
07/12/2013,16:00,1.59,1.88,1.58,1.81,3297602,0
07/19/2013,16:00,1.83,2.79,1.81,2.46,9424492,0
07/26/2013,16:00,2.90,5.02,2.83,4.62,48562801,0
08/02/2013,16:00,4.51,5.93,3.67,5.87,28189742,0
08/09/2013,16:00,6.02,6.47,5.25,5.70,13889410,0
08/16/2013,16:00,5.71,5.85,5.30,5.48,8001222,0
08/23/2013,16:00,5.44,6.15,5.35,5.99,6780691,0
08/30/2013,16:00,5.99,7.41,5.92,6.38,10291266,0
09/06/2013,16:00,6.41,6.83,6.35,6.43,4512004,0
09/13/2013,16:00,6.45,6.99,6.07,6.33,7411093,0
09/20/2013,16:00,6.46,7.20,6.37,7.01,7990069,0
09/27/2013,16:00,7.03,7.59,6.78,7.28,7220888,0
10/04/2013,16:00,7.15,7.80,7.11,7.35,5683180,0
10/11/2013,16:00,7.17,7.35,6.17,6.57,6752052,0
10/18/2013,16:00,6.44,6.94,6.29,6.73,3625072,0
10/25/2013,16:00,6.72,6.82,6.15,6.56,4666759,0
11/01/2013,16:00,6.59,6.71,5.31,5.58,4980832,0
11/08/2013,16:00,5.59,5.83,4.55,5.55,5525394,0
11/15/2013,16:00,5.39,6.33,5.37,5.72,3559731,0
11/22/2013,16:00,5.75,6.00,5.31,5.78,2592815,0
11/29/2013,16:00,5.80,6.49,5.69,6.45,2138646,0
12/06/2013,16:00,6.42,6.71,5.63,5.93,5841044,0
12/13/2013,16:00,5.94,6.14,5.68,6.05,3118818,0
12/20/2013,16:00,6.14,7.30,6.10,6.92,8780929,0
12/27/2013,16:00,6.88,7.84,6.88,7.50,2799859,0
01/03/2014,16:00,7.60,8.60,7.44,8.46,3971345,0
01/10/2014,16:00,8.45,10.14,8.37,10.08,7373858,0
01/17/2014,16:00,10.10,11.88,9.94,10.80,9340198,0
01/24/2014,16:00,11.40,12.35,11.12,11.60,6896760,0
01/31/2014,16:00,10.75,10.99,9.15,10.20,8181909,0
02/07/2014,16:00,10.18,10.22,8.75,9.57,3926600,0
02/14/2014,16:00,9.53,10.22,9.45,9.73,2621021,0
02/21/2014,16:00,10.13,12.46,10.08,12.07,5324958,0
02/28/2014,16:00,12.11,13.33,11.18,11.69,10045390,0
03/07/2014,16:00,11.86,13.24,11.17,11.46,6151162,0
03/14/2014,16:00,11.98,12.00,10.41,11.11,3599215,0
03/21/2014,16:00,11.19,11.67,10.42,10.73,6474947,0
03/28/2014,16:00,10.72,10.72,9.50,10.14,3716533,0
04/04/2014,16:00,10.20,11.20,8.96,9.10,4434203,0
04/11/2014,16:00,8.95,9.83,8.72,8.91,3571760,0
04/18/2014,16:00,9.32,9.37,7.90,8.34,3968546,0
04/25/2014,16:00,8.36,9.45,7.81,8.01,3698896,0
05/02/2014,16:00,8.01,9.11,7.58,8.47,3288859,0
05/09/2014,16:00,8.36,8.93,7.29,7.70,2968746,0
05/16/2014,16:00,7.76,8.71,7.57,8.31,3294961,0
05/23/2014,16:00,8.24,9.20,8.21,9.01,2175293,0
05/30/2014,16:00,10.85,10.98,9.50,9.96,17259433,0
06/06/2014,16:00,9.97,10.97,9.21,10.92,5094327,0
06/13/2014,16:00,10.98,12.00,10.95,11.32,5355949,0
06/20/2014,16:00,11.34,12.20,11.16,11.84,5852053,0
06/27/2014,16:00,12.26,12.86,11.64,12.52,16695757,0
07/04/2014,16:00,12.50,13.19,12.46,12.69,4106034,0
07/11/2014,16:00,12.69,12.92,11.37,12.18,4401362,0
07/18/2014,16:00,12.33,12.43,10.54,11.29,4001493,0
07/25/2014,16:00,11.08,12.35,10.74,11.76,3429589,0
08/01/2014,16:00,11.75,12.91,11.24,12.54,5157505,0
08/08/2014,16:00,12.63,14.58,12.20,13.96,11377425,0
08/15/2014,16:00,14.57,14.62,13.13,13.92,8043436,0
08/22/2014,16:00,14.08,14.50,12.31,12.82,4672391,0
08/29/2014,16:00,12.94,13.94,12.82,13.50,3772747,0
09/05/2014,16:00,13.58,13.66,12.11,12.33,4002339,0
09/12/2014,16:00,12.50,12.67,11.70,11.91,4164210,0
09/19/2014,16:00,11.88,12.01,10.43,10.93,5250751,0
09/26/2014,16:00,10.88,11.40,10.17,10.66,5172191,0
10/03/2014,16:00,10.47,13.28,9.78,12.80,15351925,0
10/10/2014,16:00,12.23,12.45,10.34,10.43,8910380,0
10/17/2014,16:00,10.49,12.48,9.68,11.58,10710287,0
10/24/2014,16:00,11.27,12.69,10.90,11.83,5313918,0
10/31/2014,16:00,11.76,12.74,11.33,11.72,3788326,0
11/07/2014,16:00,11.68,11.99,9.76,10.46,5071124,0
11/14/2014,16:00,10.52,11.25,9.85,10.08,3315647,0
11/21/2014,16:00,10.08,10.99,9.86,10.33,3585973,0
11/28/2014,16:00,10.39,11.47,10.30,10.81,2907829,0
12/05/2014,16:00,10.88,10.88,9.58,10.27,4754650,0
12/12/2014,16:00,10.07,10.44,9.02,10.06,3797457,0
12/19/2014,16:00,10.15,11.46,9.94,11.16,6224211,0
12/26/2014,16:00,11.47,12.12,10.60,12.01,4461829,0
01/02/2015,16:00,12.05,12.66,11.77,12.14,3392156,0
01/09/2015,16:00,12.06,12.71,11.72,12.24,3934334,0
01/16/2015,16:00,12.58,12.68,10.69,11.25,4774420,0
01/23/2015,16:00,11.27,11.38,10.15,10.99,2834200,0
01/30/2015,16:00,11.21,11.43,10.16,10.18,3495568,0
02/06/2015,16:00,10.25,10.81,9.74,10.19,4003421,0
02/13/2015,16:00,10.15,10.41,9.86,10.06,2331586,0
02/20/2015,16:00,10.15,10.45,9.91,10.15,5413428,0
02/27/2015,16:00,10.15,10.93,10.06,10.20,4298860,0
03/06/2015,16:00,10.07,10.74,9.89,10.05,3149174,0
03/13/2015,16:00,10.10,10.12,9.25,10.03,5635833,0
03/20/2015,16:00,10.07,10.31,9.44,9.49,3907748,0
03/27/2015,16:00,9.51,9.60,7.85,8.30,6239576,0
04/03/2015,16:00,8.37,10.10,8.27,9.76,9321400,0
04/10/2015,16:00,9.73,9.93,9.35,9.65,3987017,0
04/17/2015,16:00,9.64,10.07,9.45,9.78,2426637,0
04/24/2015,16:00,10.01,10.95,9.90,10.35,3710255,0
05/01/2015,16:00,10.36,10.40,9.05,9.36,4108926,0
05/08/2015,16:00,9.40,10.10,8.99,10.09,4049723,0
05/15/2015,16:00,10.14,10.79,10.07,10.75,3500982,0
05/22/2015,16:00,10.69,11.59,10.46,11.42,2884773,0
05/29/2015,16:00,11.36,11.65,11.06,11.21,2532934,0
06/05/2015,16:00,11.33,13.06,11.13,13.04,4055485,0
06/12/2015,16:00,13.00,13.20,12.40,12.59,2753882,0
06/19/2015,16:00,12.49,15.83,11.89,15.61,9668446,0
06/26/2015,16:00,15.74,16.43,14.07,14.62,7636445,0
07/03/2015,16:00,14.49,15.67,14.38,15.10,5310268,0
07/10/2015,16:00,15.03,15.75,14.61,15.49,4073018,0
07/17/2015,16:00,15.62,16.50,15.47,16.08,3953348,0
07/24/2015,16:00,16.23,16.83,15.10,15.12,3586774,0
07/31/2015,16:00,15.04,15.96,14.75,15.48,2944620,0
08/07/2015,16:00,15.43,15.57,10.26,10.90,6786736,0
08/14/2015,16:00,11.03,12.86,10.95,11.68,6466174,0
08/21/2015,16:00,11.79,12.44,11.22,11.99,4377629,0
08/28/2015,16:00,11.20,12.16,10.42,11.42,4606859,0
09/04/2015,16:00,11.63,12.16,11.02,11.52,5419554,0
09/11/2015,16:00,11.69,12.95,11.60,12.94,3329622,0
09/18/2015,16:00,12.98,14.00,12.85,13.29,3607160,0
09/25/2015,16:00,13.52,13.59,11.03,11.18,4441516,0
10/02/2015,16:00,11.06,12.48,10.42,12.44,6502856,0
10/09/2015,16:00,12.51,12.88,8.01,8.80,10574310,0
10/16/2015,16:00,9.21,9.39,8.33,8.84,5744582,0
10/23/2015,16:00,8.81,9.07,8.01,8.79,3893467,0
10/30/2015,16:00,8.81,9.64,8.64,8.99,3287062,0
11/06/2015,16:00,9.35,10.18,8.96,9.16,3622320,0
11/13/2015,16:00,9.42,10.29,9.16,9.62,3923867,0
11/20/2015,16:00,9.55,10.36,9.17,10.03,2816287,0
11/27/2015,16:00,10.07,10.43,9.95,10.30,1984469,0
12/04/2015,16:00,10.30,10.95,10.10,10.78,2944702,0
12/11/2015,16:00,10.68,10.68,9.64,9.66,3068699,0
12/18/2015,16:00,9.69,10.50,9.57,10.27,6358291,0
12/25/2015,16:00,10.40,10.94,10.03,10.72,1747174,0
01/01/2016,16:00,10.61,10.98,10.22,10.32,1382468,0
01/08/2016,16:00,10.07,10.24,8.48,8.50,3892042,0
01/15/2016,16:00,8.60,8.83,6.95,7.46,4035497,0
01/22/2016,16:00,7.61,7.95,6.54,7.40,4024448,0
01/29/2016,16:00,7.37,7.81,6.65,6.97,4449209,0
02/05/2016,16:00,6.94,7.09,6.09,6.14,4611741,0
02/12/2016,16:00,2.40,2.43,1.63,1.71,20031850,0
02/19/2016,16:00,1.78,2.27,1.76,2.06,7392641,0
02/26/2016,16:00,2.09,2.28,1.74,2.21,6431571,0
03/04/2016,16:00,2.19,2.90,1.89,2.58,12720764,0
03/11/2016,16:00,2.98,3.24,2.61,2.83,11325601,0
03/18/2016,16:00,2.81,2.90,2.36,2.63,7298606,0
03/25/2016,16:00,2.64,2.97,2.56,2.79,4076485,0
04/01/2016,16:00,2.80,2.93,2.48,2.83,5405514,0
04/08/2016,16:00,2.85,2.94,2.67,2.88,6354920,0
04/15/2016,16:00,2.89,3.10,2.75,3.10,4441813,0
04/22/2016,16:00,3.11,3.55,2.99,3.45,5943533,0
04/29/2016,16:00,3.47,3.73,3.10,3.26,6079832,0
05/06/2016,16:00,3.29,3.44,2.49,2.84,5450027,0
05/13/2016,16:00,2.91,3.18,2.74,2.91,3504594,0
05/20/2016,16:00,2.94,3.34,2.94,3.32,3580183,0
05/27/2016,16:00,3.32,3.49,3.14,3.38,3471705,0
06/03/2016,16:00,3.40,3.70,3.20,3.60,3116141,0
06/10/2016,16:00,3.61,4.03,2.95,3.05,5794215,0
06/17/2016,16:00,3.02,3.14,2.74,2.80,4083621,0
06/24/2016,16:00,2.84,2.94,2.60,2.84,2285544,0
07/01/2016,16:00,2.79,2.98,2.64,2.94,2467909,0
07/08/2016,16:00,3.05,3.17,2.83,3.09,1574546,0
07/15/2016,16:00,3.11,3.14,2.85,2.96,2236122,0
07/22/2016,16:00,2.96,3.09,2.87,3.08,1966615,0
07/29/2016,16:00,3.08,3.64,2.98,3.62,4485986,0
08/05/2016,16:00,3.62,4.25,3.56,4.14,6569276,0
08/12/2016,16:00,4.21,5.80,4.06,5.04,14910289,0
08/19/2016,16:00,5.11,5.19,3.95,4.33,6265109,0
08/26/2016,16:00,4.34,4.84,3.98,4.18,4982466,0
09/02/2016,16:00,4.15,4.28,4.01,4.20,2227933,0
09/09/2016,16:00,4.23,4.84,4.20,4.33,3650144,0
09/16/2016,16:00,4.30,4.57,4.02,4.45,4633901,0
09/23/2016,16:00,4.50,4.84,4.41,4.71,4776418,0
09/30/2016,16:00,4.75,4.87,4.37,4.41,3742363,0
10/07/2016,16:00,4.38,4.72,4.33,4.37,2641931,0
10/14/2016,16:00,4.40,4.51,4.01,4.04,2327909,0
10/21/2016,16:00,4.01,4.59,3.92,4.51,2481800,0
10/28/2016,16:00,4.51,4.79,4.03,4.11,3593546,0
11/04/2016,16:00,4.11,4.29,3.75,3.91,4008207,0
11/11/2016,16:00,4.00,5.46,3.92,5.34,8984627,0
11/18/2016,16:00,5.50,6.00,5.35,5.98,4392330,0
11/25/2016,16:00,6.00,6.18,5.54,5.94,1830295,0
12/02/2016,16:00,5.93,5.93,5.10,5.51,2860429,0
12/09/2016,16:00,5.57,5.93,5.33,5.50,3338488,0
12/16/2016,16:00,5.53,6.34,5.27,6.19,5416503,0
12/23/2016,16:00,6.18,7.56,6.18,6.99,9424783,0
12/30/2016,16:00,7.01,7.20,6.28,6.33,2722866,0
01/06/2017,16:00,6.45,7.22,6.15,7.13,3643335,0
01/13/2017,16:00,7.26,7.30,5.84,6.25,6576902,0
01/20/2017,16:00,6.27,6.27,5.81,5.95,2626965,0
01/27/2017,16:00,5.91,6.67,5.84,6.45,3432849,0
02/03/2017,16:00,6.41,6.45,5.67,5.79,4461272,0
02/10/2017,16:00,5.73,6.01,5.34,5.66,5808593,0
02/17/2017,16:00,5.72,6.75,5.60,6.56,5880719,0
02/24/2017,16:00,6.60,6.63,5.37,5.49,4701674,0
03/03/2017,16:00,4.20,7.70,4.20,7.68,33827830,0
03/10/2017,16:00,7.70,9.10,7.33,8.88,18479861,0
03/17/2017,16:00,8.88,9.15,8.21,8.85,8525569,0
03/24/2017,16:00,8.82,9.25,8.19,8.79,5405464,0
03/31/2017,16:00,8.65,8.99,8.17,8.40,3958755,0
04/07/2017,16:00,8.77,8.80,7.14,7.26,6022924,0
04/14/2017,16:00,7.28,7.45,6.67,6.75,4177133,0
04/21/2017,16:00,6.77,6.99,6.37,6.51,3232615,0
04/28/2017,16:00,6.54,6.78,6.24,6.34,3666174,0
05/05/2017,16:00,6.38,6.94,5.63,5.67,6741683,0
05/12/2017,16:00,5.72,6.12,5.24,5.85,8401000,0
05/19/2017,16:00,5.87,6.11,5.41,5.48,7449416,0
05/26/2017,16:00,5.50,7.39,5.02,5.77,37729710,0
06/02/2017,16:00,5.82,5.94,5.05,5.52,7908598,0
06/09/2017,16:00,5.64,5.84,5.19,5.38,6192990,0
06/16/2017,16:00,5.38,5.86,5.13,5.55,7047401,0
06/23/2017,16:00,5.54,6.31,5.48,6.12,5619915,0
06/30/2017,16:00,6.17,6.26,5.53,5.56,4864231,0
07/07/2017,16:00,5.63,5.91,5.57,5.72,2321623,0
07/14/2017,16:00,5.70,5.95,5.48,5.74,3078144,0
07/21/2017,16:00,5.74,5.86,5.38,5.41,4259851,0
07/28/2017,16:00,5.41,5.42,4.87,5.27,3968673,0
08/04/2017,16:00,5.25,5.33,4.86,5.10,3567292,0
08/11/2017,16:00,5.17,5.20,4.26,4.53,5171768,0
08/18/2017,16:00,4.57,4.65,4.00,4.10,3648694,0
08/25/2017,16:00,4.08,4.84,3.95,4.58,3771087,0
09/01/2017,16:00,4.64,5.18,4.57,5.00,3784959,0
09/08/2017,16:00,5.40,6.22,4.80,5.85,16407882,0
09/15/2017,16:00,5.90,5.95,4.87,5.15,22194405,0
09/22/2017,16:00,5.23,5.61,5.15,5.24,15735018,0
09/29/2017,16:00,5.26,5.34,5.07,5.24,6406285,0
10/06/2017,16:00,5.20,5.35,5.09,5.23,5582504,0
10/13/2017,16:00,5.21,5.27,4.93,5.05,5043939,0
10/20/2017,16:00,5.09,5.23,4.75,4.80,4864439,0
10/27/2017,16:00,4.80,4.89,4.12,4.42,6351432,0
11/03/2017,16:00,4.45,4.69,4.33,4.68,5445790,0
11/10/2017,16:00,4.77,5.00,4.39,4.82,6263299,0
11/17/2017,16:00,4.80,4.80,4.43,4.52,5521368,0
11/24/2017,16:00,4.55,4.75,4.49,4.70,1750362,0
12/01/2017,16:00,4.68,5.14,4.45,4.93,4822135,0
12/08/2017,16:00,4.99,5.26,4.53,5.21,5922109,0
12/15/2017,16:00,5.29,5.29,4.78,5.00,7890314,0
12/22/2017,16:00,5.04,5.10,4.88,5.09,3459601,0
12/29/2017,16:00,5.06,5.25,4.90,4.91,3401224,0
01/05/2018,16:00,5.19,5.92,5.08,5.61,7318443,0
01/12/2018,16:00,5.65,5.75,5.27,5.62,3985991,0
01/19/2018,16:00,5.66,5.89,5.45,5.59,3313287,0
01/26/2018,16:00,5.66,5.80,4.63,4.65,12349400,0
02/02/2018,16:00,4.69,4.71,4.32,4.35,7481540,0
02/09/2018,16:00,4.28,4.96,4.25,4.94,7650466,0
02/16/2018,16:00,4.95,5.25,4.76,4.96,7138566,0
02/23/2018,16:00,4.93,5.16,4.73,5.02,3998757,0
03/02/2018,16:00,5.03,5.14,4.75,5.03,5095938,0
03/09/2018,16:00,5.04,5.65,5.04,5.58,4763016,0
03/16/2018,16:00,5.58,5.65,5.24,5.37,4567208,0
03/23/2018,16:00,5.32,5.41,5.00,5.21,3713161,0
03/30/2018,16:00,5.30,5.35,4.72,4.77,3660987,0
04/06/2018,16:00,4.76,5.15,4.53,4.60,4727736,0
04/13/2018,16:00,4.65,5.15,4.60,5.01,3761752,0
04/20/2018,16:00,5.02,5.28,4.76,4.91,2349567,0
04/27/2018,16:00,4.95,5.13,4.76,5.07,2074689,0
05/04/2018,16:00,5.09,5.39,4.77,5.32,3051140,0
05/11/2018,16:00,5.35,5.60,4.90,5.50,4317878,0
05/18/2018,16:00,5.53,6.15,5.50,5.88,5530500,0
05/25/2018,16:00,5.90,6.30,5.78,6.08,3733619,0
06/01/2018,16:00,6.11,6.67,5.93,6.24,3463736,0
06/08/2018,16:00,6.29,6.46,5.74,5.76,4218890,0
06/15/2018,16:00,5.76,6.05,5.59,5.73,4639389,0
06/22/2018,16:00,5.71,6.17,5.34,5.59,4457149,0
06/29/2018,16:00,5.54,5.97,5.45,5.73,4444532,0
07/06/2018,16:00,5.73,6.05,5.52,5.98,2137381,0
07/13/2018,16:00,5.99,6.69,5.90,6.19,3792136,0
07/20/2018,16:00,6.16,6.69,5.94,5.94,2662990,0
07/27/2018,16:00,5.96,6.05,5.67,5.74,2022694,0
08/03/2018,16:00,5.73,6.33,5.41,5.80,6093009,0
08/10/2018,16:00,6.10,7.46,5.67,7.30,7306097,0
08/17/2018,16:00,7.43,7.49,6.68,7.10,3341997,0
08/24/2018,16:00,7.14,7.43,6.91,7.22,3032846,0
08/31/2018,16:00,7.25,7.34,7.14,7.16,2178238,0
09/07/2018,16:00,7.40,8.13,6.00,7.49,4038565,0
09/14/2018,16:00,7.50,7.63,6.99,7.04,2275332,0
09/21/2018,16:00,7.06,7.56,6.90,7.28,3686374,0
09/28/2018,16:00,7.28,7.73,7.21,7.63,1517471,0
10/05/2018,16:00,7.62,7.67,6.52,6.77,2365573,0
10/12/2018,16:00,6.79,7.06,6.43,7.01,2000146,0
10/19/2018,16:00,6.97,7.50,6.75,7.16,1698539,0
10/26/2018,16:00,7.17,7.32,6.51,7.17,2346891,0
11/02/2018,16:00,7.25,8.00,6.66,7.99,2523156,0
11/09/2018,16:00,8.00,8.31,6.88,7.70,2728696,0
11/16/2018,16:00,7.69,7.90,6.81,7.87,3267993,0
11/23/2018,16:00,7.91,9.71,7.75,9.35,4732892,0
11/30/2018,16:00,9.43,9.60,8.80,9.18,3820582,0
12/07/2018,16:00,9.43,9.59,8.66,8.78,3015536,0
12/14/2018,16:00,8.79,9.17,8.18,8.26,2382143,0
12/21/2018,16:00,8.19,8.51,6.88,7.25,5883961,0
12/28/2018,16:00,7.14,8.10,7.05,7.88,2461586,0
01/04/2019,16:00,7.95,8.82,7.81,8.62,2385383,0
01/11/2019,16:00,8.71,9.19,8.24,8.81,4144501,0
01/18/2019,16:00,8.83,9.45,8.76,9.39,3184289,0
01/25/2019,16:00,9.38,9.75,8.60,9.72,2913056,0
02/01/2019,16:00,9.85,9.95,8.20,8.61,3974511,0
02/08/2019,16:00,8.57,9.64,8.46,9.09,2795121,0
02/15/2019,16:00,9.16,9.47,8.83,9.00,3243850,0
02/22/2019,16:00,8.97,9.14,8.66,9.00,2287399,0
03/01/2019,16:00,9.20,9.26,8.08,8.61,5685569,0
03/08/2019,16:00,8.71,9.11,7.82,7.96,4515712,0
03/15/2019,16:00,8.01,8.49,7.85,8.06,4205375,0
03/22/2019,16:00,8.06,8.35,7.38,7.38,2698853,0
03/29/2019,16:00,7.33,8.21,7.10,8.14,2636629,0
04/05/2019,16:00,8.22,9.26,8.10,9.15,6490983,0
04/12/2019,16:00,9.13,9.15,8.14,8.76,4817425,0
