"Date","Time","Open","High","Low","Close","Vol","OI"
04/23/2010,16:00,13.00,14.20,12.62,14.04,3656923,0
04/30/2010,16:00,14.50,14.98,13.05,13.62,722126,0
05/07/2010,16:00,14.09,14.50,13.00,13.20,202832,0
05/14/2010,16:00,13.86,13.95,12.98,13.03,514054,0
05/21/2010,16:00,13.21,13.40,12.50,13.00,942404,0
05/28/2010,16:00,13.00,13.19,10.20,10.34,509368,0
06/04/2010,16:00,10.32,10.97,10.11,10.64,150779,0
06/11/2010,16:00,10.75,10.81,9.15,10.01,241730,0
06/18/2010,16:00,10.02,10.97,9.45,9.50,127874,0
06/25/2010,16:00,9.55,10.78,8.86,9.00,1377706,0
07/02/2010,16:00,9.01,9.19,7.81,7.87,337538,0
07/09/2010,16:00,7.92,8.52,6.88,7.40,888563,0
07/16/2010,16:00,7.43,10.13,7.30,9.66,542804,0
07/23/2010,16:00,9.83,10.22,9.05,9.42,262030,0
07/30/2010,16:00,9.42,9.84,8.55,8.95,311717,0
08/06/2010,16:00,9.10,9.11,7.58,7.99,411869,0
08/13/2010,16:00,8.00,8.28,7.50,7.78,463837,0
08/20/2010,16:00,7.82,8.49,7.50,7.50,246575,0
08/27/2010,16:00,8.09,8.09,7.38,7.81,234250,0
09/03/2010,16:00,7.80,8.75,7.80,8.38,238902,0
09/10/2010,16:00,8.37,8.70,8.02,8.10,116712,0
09/17/2010,16:00,8.58,9.19,7.98,9.01,204894,0
09/24/2010,16:00,9.03,9.42,8.83,9.39,126159,0
10/01/2010,16:00,9.42,9.80,9.07,9.80,183289,0
10/08/2010,16:00,9.99,12.00,9.92,11.61,520225,0
10/15/2010,16:00,11.73,11.81,10.64,11.13,195893,0
10/22/2010,16:00,11.25,11.37,9.61,9.91,276687,0
10/29/2010,16:00,9.99,10.38,8.82,10.24,339495,0
11/05/2010,16:00,10.89,11.39,9.87,9.95,700941,0
11/12/2010,16:00,10.07,11.01,9.99,10.38,339196,0
11/19/2010,16:00,9.05,10.25,8.79,10.09,1091208,0
11/26/2010,16:00,10.02,10.23,9.25,9.57,538589,0
12/03/2010,16:00,9.74,10.25,9.41,10.00,1092378,0
12/10/2010,16:00,9.95,10.05,9.66,9.88,377228,0
12/17/2010,16:00,9.90,10.15,9.36,10.07,1270189,0
12/24/2010,16:00,10.23,10.90,10.10,10.75,1612991,0
12/31/2010,16:00,10.69,10.80,10.42,10.60,593986,0
01/07/2011,16:00,10.72,10.72,9.63,9.87,532869,0
01/14/2011,16:00,9.79,10.94,9.66,10.74,651145,0
01/21/2011,16:00,10.74,10.76,9.70,9.81,340090,0
01/28/2011,16:00,9.85,9.89,9.00,9.17,701191,0
02/04/2011,16:00,9.18,10.75,9.00,10.70,1048348,0
02/11/2011,16:00,10.77,10.80,10.28,10.44,622450,0
02/18/2011,16:00,10.40,10.83,10.14,10.50,811331,0
02/25/2011,16:00,10.52,10.83,10.20,10.61,713822,0
03/04/2011,16:00,10.68,10.79,10.50,10.59,1008576,0
03/11/2011,16:00,10.57,11.00,10.21,10.92,926078,0
03/18/2011,16:00,10.83,11.04,10.30,10.99,693964,0
03/25/2011,16:00,11.09,11.16,10.80,11.00,769738,0
04/01/2011,16:00,11.00,12.24,10.70,12.19,1147715,0
04/08/2011,16:00,12.24,12.24,11.52,11.60,910613,0
04/15/2011,16:00,11.63,11.79,10.03,10.40,642887,0
04/22/2011,16:00,10.33,10.51,9.97,10.22,493241,0
04/29/2011,16:00,10.19,10.98,10.19,10.49,580661,0
05/06/2011,16:00,10.64,10.78,9.59,9.60,603251,0
05/13/2011,16:00,9.58,10.09,9.15,9.55,744957,0
05/20/2011,16:00,9.63,10.37,8.54,10.07,1000199,0
05/27/2011,16:00,10.17,10.91,9.87,10.89,990000,0
06/03/2011,16:00,10.96,10.98,10.26,10.63,479793,0
06/10/2011,16:00,10.66,10.75,10.27,10.43,392351,0
06/17/2011,16:00,10.48,10.81,10.19,10.48,702820,0
06/24/2011,16:00,10.21,10.21,9.25,9.51,2491347,0
07/01/2011,16:00,9.48,9.95,9.20,9.83,710897,0
07/08/2011,16:00,9.80,10.25,9.54,9.98,401475,0
07/15/2011,16:00,9.88,9.89,9.08,9.26,461836,0
07/22/2011,16:00,9.20,9.50,8.80,9.25,348355,0
07/29/2011,16:00,9.13,9.25,8.41,9.00,1043958,0
08/05/2011,16:00,9.07,9.08,7.10,7.22,1022749,0
08/12/2011,16:00,6.95,7.04,5.79,6.11,1738968,0
08/19/2011,16:00,6.18,6.59,5.70,5.73,869246,0
08/26/2011,16:00,5.86,5.99,5.60,5.92,714638,0
09/02/2011,16:00,5.98,6.78,5.58,5.60,1002943,0
09/09/2011,16:00,5.46,5.75,5.08,5.17,521481,0
09/16/2011,16:00,5.12,5.86,4.95,5.42,887165,0
09/23/2011,16:00,5.32,5.32,4.20,4.57,655793,0
09/30/2011,16:00,4.63,5.14,4.45,4.57,853346,0
10/07/2011,16:00,4.53,4.69,3.91,4.24,1257058,0
10/14/2011,16:00,4.32,5.00,4.13,4.97,634774,0
10/21/2011,16:00,4.93,4.94,4.55,4.78,463508,0
10/28/2011,16:00,4.81,5.41,4.75,5.05,876701,0
11/04/2011,16:00,4.99,5.70,4.35,5.20,1686622,0
11/11/2011,16:00,5.21,5.29,4.92,5.10,644299,0
11/18/2011,16:00,5.07,5.28,4.45,4.51,566756,0
11/25/2011,16:00,4.41,4.87,4.30,4.35,1032389,0
12/02/2011,16:00,4.55,6.01,4.41,5.85,911246,0
12/09/2011,16:00,5.93,6.26,5.24,5.72,1107330,0
12/16/2011,16:00,5.57,5.80,5.10,5.27,995981,0
12/23/2011,16:00,5.29,5.95,4.98,5.77,875481,0
12/30/2011,16:00,5.75,5.75,5.15,5.30,587555,0
01/06/2012,16:00,5.44,5.52,5.08,5.11,368715,0
01/13/2012,16:00,5.17,5.52,5.10,5.33,506900,0
01/20/2012,16:00,5.42,5.48,5.25,5.32,391832,0
01/27/2012,16:00,5.32,5.85,5.25,5.81,729181,0
02/03/2012,16:00,5.60,6.12,5.43,6.08,823716,0
02/10/2012,16:00,6.00,6.10,4.85,4.89,1675678,0
02/17/2012,16:00,4.93,4.96,4.50,4.58,1169065,0
02/24/2012,16:00,4.29,4.30,3.61,3.98,4461707,0
03/02/2012,16:00,3.94,4.09,3.84,3.92,1352500,0
03/09/2012,16:00,3.87,3.95,3.45,3.75,1435326,0
03/16/2012,16:00,3.76,4.10,3.74,4.06,949629,0
03/23/2012,16:00,4.07,4.16,3.60,3.73,584763,0
03/30/2012,16:00,3.78,3.83,3.51,3.65,543105,0
04/06/2012,16:00,3.64,3.82,3.58,3.72,500938,0
04/13/2012,16:00,3.66,3.95,3.49,3.55,652049,0
04/20/2012,16:00,3.58,3.75,3.42,3.56,449130,0
04/27/2012,16:00,3.52,4.55,3.52,3.87,2293890,0
05/04/2012,16:00,3.89,3.95,3.44,3.44,948790,0
05/11/2012,16:00,3.42,3.55,3.26,3.28,832316,0
05/18/2012,16:00,3.22,3.35,3.01,3.12,1290025,0
05/25/2012,16:00,3.14,3.41,3.07,3.39,1576177,0
06/01/2012,16:00,3.41,3.44,2.96,3.03,1035586,0
06/08/2012,16:00,3.07,3.77,3.01,3.49,713271,0
06/15/2012,16:00,3.57,3.71,3.33,3.71,558139,0
06/22/2012,16:00,3.68,3.80,3.42,3.70,1593941,0
06/29/2012,16:00,3.70,3.81,3.50,3.71,497631,0
07/06/2012,16:00,3.71,3.82,3.59,3.76,349898,0
07/13/2012,16:00,3.73,3.88,3.62,3.84,325775,0
07/20/2012,16:00,3.84,4.00,3.70,3.76,469830,0
07/27/2012,16:00,3.65,3.66,3.19,3.23,454633,0
08/03/2012,16:00,3.20,3.31,3.00,3.17,496916,0
08/10/2012,16:00,3.19,3.39,2.40,2.44,1288018,0
08/17/2012,16:00,2.44,2.55,2.25,2.36,781537,0
08/24/2012,16:00,2.39,2.39,2.01,2.11,860384,0
08/31/2012,16:00,2.11,2.31,2.08,2.27,603769,0
09/07/2012,16:00,2.25,2.70,2.06,2.66,889033,0
09/14/2012,16:00,2.70,2.99,2.65,2.77,948707,0
09/21/2012,16:00,2.74,3.82,2.70,3.42,1492067,0
09/28/2012,16:00,3.36,3.44,2.93,3.03,643379,0
10/05/2012,16:00,3.05,3.20,2.91,3.11,372652,0
10/12/2012,16:00,3.10,3.10,2.91,2.94,227995,0
10/19/2012,16:00,2.96,3.03,2.78,2.81,339422,0
10/26/2012,16:00,2.80,2.88,2.60,2.66,202484,0
11/02/2012,16:00,2.66,2.85,2.39,2.47,352372,0
11/09/2012,16:00,2.50,2.75,2.13,2.15,550696,0
11/16/2012,16:00,2.15,2.24,2.00,2.10,694627,0
11/23/2012,16:00,2.17,2.20,2.02,2.07,417321,0
11/30/2012,16:00,2.03,2.37,2.03,2.14,1370530,0
12/07/2012,16:00,2.15,2.30,2.10,2.11,579407,0
12/14/2012,16:00,2.15,2.37,2.13,2.34,386350,0
12/21/2012,16:00,2.31,2.35,2.16,2.21,569690,0
12/28/2012,16:00,2.19,2.25,2.10,2.13,296889,0
01/04/2013,16:00,2.11,2.67,2.11,2.66,342788,0
01/11/2013,16:00,2.65,2.65,2.33,2.44,215657,0
01/18/2013,16:00,2.43,2.43,2.24,2.31,169803,0
01/25/2013,16:00,2.31,2.39,2.24,2.32,150717,0
02/01/2013,16:00,2.31,2.57,2.24,2.39,247588,0
02/08/2013,16:00,2.40,2.50,2.25,2.31,292198,0
02/15/2013,16:00,2.32,2.40,2.20,2.31,729902,0
02/22/2013,16:00,2.28,2.44,2.14,2.20,465269,0
03/01/2013,16:00,2.22,2.25,2.03,2.05,583548,0
03/08/2013,16:00,2.05,2.49,2.00,2.46,669543,0
03/15/2013,16:00,2.47,2.66,2.29,2.51,647349,0
03/22/2013,16:00,2.45,2.64,2.39,2.46,389835,0
03/29/2013,16:00,2.46,2.46,2.25,2.39,261929,0
04/05/2013,16:00,2.40,2.40,2.12,2.17,803553,0
04/12/2013,16:00,2.17,2.30,2.06,2.27,432678,0
04/19/2013,16:00,2.23,2.25,1.99,2.14,426773,0
04/26/2013,16:00,2.11,2.27,2.11,2.24,394363,0
05/03/2013,16:00,2.25,2.36,2.11,2.20,677682,0
05/10/2013,16:00,2.21,2.27,2.11,2.19,697286,0
05/17/2013,16:00,2.19,2.49,2.14,2.42,1059279,0
05/24/2013,16:00,2.41,2.47,2.28,2.38,592388,0
05/31/2013,16:00,2.47,2.47,2.21,2.30,542907,0
06/07/2013,16:00,2.31,2.34,2.11,2.15,603963,0
06/14/2013,16:00,2.17,2.89,2.13,2.72,2157989,0
06/21/2013,16:00,2.74,2.79,2.31,2.34,1285774,0
06/28/2013,16:00,2.31,2.36,2.13,2.21,4834777,0
07/05/2013,16:00,2.26,2.49,2.21,2.38,356090,0
07/12/2013,16:00,2.42,2.45,2.21,2.34,422820,0
07/19/2013,16:00,2.38,2.59,2.35,2.41,356329,0
07/26/2013,16:00,2.43,2.43,2.30,2.36,267304,0
08/02/2013,16:00,2.35,2.55,2.31,2.49,393688,0
08/09/2013,16:00,2.50,2.56,2.21,2.25,396442,0
08/16/2013,16:00,2.24,2.24,1.84,1.87,1546159,0
08/23/2013,16:00,1.87,1.92,1.77,1.89,752661,0
08/30/2013,16:00,1.99,1.99,1.71,1.72,622186,0
09/06/2013,16:00,1.75,1.87,1.70,1.82,268016,0
09/13/2013,16:00,1.82,1.88,1.77,1.80,562277,0
09/20/2013,16:00,1.80,1.94,1.74,1.75,464383,0
09/27/2013,16:00,1.72,1.90,1.62,1.81,402934,0
10/04/2013,16:00,1.75,1.83,1.61,1.65,823759,0
10/11/2013,16:00,1.60,1.78,1.59,1.71,488647,0
10/18/2013,16:00,1.71,1.90,1.71,1.78,406406,0
10/25/2013,16:00,1.77,1.84,1.69,1.78,352228,0
11/01/2013,16:00,1.75,1.78,1.68,1.68,299782,0
11/08/2013,16:00,1.68,1.79,1.68,1.71,477182,0
11/15/2013,16:00,1.76,1.77,1.28,1.29,1474308,0
11/22/2013,16:00,1.28,1.55,1.28,1.39,820634,0
11/29/2013,16:00,1.37,1.51,1.35,1.50,486680,0
12/06/2013,16:00,1.50,1.57,1.37,1.40,405904,0
12/13/2013,16:00,1.40,1.50,1.34,1.46,383807,0
12/20/2013,16:00,1.45,1.50,1.27,1.29,726516,0
12/27/2013,16:00,1.29,1.33,1.24,1.28,1042545,0
01/03/2014,16:00,1.27,1.47,1.26,1.46,873287,0
01/10/2014,16:00,1.44,1.53,1.32,1.41,829540,0
01/17/2014,16:00,1.39,2.00,1.35,1.73,2982312,0
01/24/2014,16:00,1.70,1.81,1.60,1.74,714649,0
01/31/2014,16:00,1.71,1.93,1.69,1.87,497642,0
02/07/2014,16:00,1.84,1.96,1.76,1.85,818640,0
02/14/2014,16:00,1.84,1.92,1.78,1.86,663651,0
02/21/2014,16:00,1.84,2.04,1.84,1.92,609624,0
02/28/2014,16:00,1.87,2.10,1.85,1.86,915171,0
03/07/2014,16:00,1.86,2.00,1.80,1.99,494458,0
03/14/2014,16:00,1.96,2.00,1.82,1.99,374142,0
03/21/2014,16:00,1.98,2.17,1.95,2.04,543112,0
03/28/2014,16:00,2.02,2.17,1.99,2.01,459595,0
04/04/2014,16:00,2.01,2.07,1.77,1.81,758240,0
04/11/2014,16:00,1.81,1.89,1.72,1.80,321158,0
04/18/2014,16:00,1.85,1.85,1.55,1.75,180449,0
04/25/2014,16:00,1.77,1.96,1.68,1.70,107116,0
05/02/2014,16:00,1.70,1.75,1.66,1.70,105517,0
05/09/2014,16:00,1.65,1.68,1.46,1.55,149967,0
05/16/2014,16:00,1.51,1.55,1.41,1.43,217393,0
05/23/2014,16:00,1.42,1.48,1.34,1.34,146905,0
05/30/2014,16:00,1.35,1.49,1.35,1.43,148001,0
06/06/2014,16:00,1.43,1.54,1.38,1.52,223614,0
06/13/2014,16:00,1.50,1.59,1.44,1.48,108556,0
06/20/2014,16:00,1.47,1.59,1.41,1.41,76495,0
06/27/2014,16:00,1.43,1.62,1.42,1.59,98351,0
07/04/2014,16:00,1.53,1.58,1.42,1.46,74488,0
07/11/2014,16:00,1.45,1.51,1.38,1.45,230818,0
07/18/2014,16:00,1.45,2.65,1.38,1.83,7380591,0
07/25/2014,16:00,1.86,2.00,1.83,1.95,2094758,0
08/01/2014,16:00,1.93,2.20,1.88,2.13,2444304,0
08/08/2014,16:00,2.15,2.18,1.94,2.13,736430,0
08/15/2014,16:00,2.15,2.39,2.09,2.36,1000457,0
08/22/2014,16:00,2.30,2.55,2.30,2.39,460642,0
08/29/2014,16:00,2.45,2.65,2.44,2.54,458516,0
09/05/2014,16:00,2.66,2.77,2.56,2.68,400616,0
09/12/2014,16:00,2.70,2.77,2.34,2.47,510034,0
09/19/2014,16:00,2.40,2.45,2.11,2.36,393669,0
09/26/2014,16:00,2.25,2.40,2.11,2.19,218884,0
10/03/2014,16:00,2.13,2.37,2.05,2.22,236156,0
10/10/2014,16:00,2.26,2.43,2.10,2.40,297592,0
10/17/2014,16:00,2.39,3.30,2.15,2.25,1797579,0
10/24/2014,16:00,2.24,2.40,2.24,2.32,339653,0
10/31/2014,16:00,2.32,2.67,2.30,2.56,458440,0
11/07/2014,16:00,2.56,2.71,2.31,2.40,757116,0
11/14/2014,16:00,2.37,2.50,2.23,2.30,299609,0
11/21/2014,16:00,2.26,2.43,2.25,2.41,438393,0
11/28/2014,16:00,2.43,2.45,2.25,2.25,286825,0
12/05/2014,16:00,2.27,2.43,2.25,2.37,305233,0
12/12/2014,16:00,2.36,2.44,2.21,2.35,250341,0
12/19/2014,16:00,2.35,2.69,2.26,2.50,903909,0
12/26/2014,16:00,2.46,2.60,2.45,2.55,188181,0
01/02/2015,16:00,2.55,2.87,2.50,2.79,458736,0
01/09/2015,16:00,2.79,3.29,2.76,3.03,875528,0
01/16/2015,16:00,3.01,3.26,2.95,3.06,329646,0
01/23/2015,16:00,3.00,3.05,2.81,2.90,274372,0
01/30/2015,16:00,2.87,3.90,2.87,3.82,783442,0
02/06/2015,16:00,3.90,4.10,3.55,3.64,1108987,0
02/13/2015,16:00,3.70,3.73,3.27,3.42,536327,0
02/20/2015,16:00,3.47,3.67,3.31,3.47,356425,0
02/27/2015,16:00,3.44,3.60,3.26,3.53,438981,0
03/06/2015,16:00,3.50,4.13,3.44,3.70,1383211,0
03/13/2015,16:00,3.39,3.75,3.38,3.48,738443,0
03/20/2015,16:00,3.46,3.83,3.39,3.80,591538,0
03/27/2015,16:00,3.76,4.50,3.69,4.50,1321897,0
04/03/2015,16:00,4.50,4.65,4.31,4.65,713521,0
04/10/2015,16:00,4.66,5.01,4.51,4.98,1228638,0
04/17/2015,16:00,5.11,5.65,4.77,5.08,1755519,0
04/24/2015,16:00,5.10,5.17,4.38,4.71,1100331,0
05/01/2015,16:00,4.69,4.72,4.25,4.49,521164,0
05/08/2015,16:00,4.52,4.80,4.06,4.26,915162,0
05/15/2015,16:00,4.23,4.68,3.97,4.50,848937,0
05/22/2015,16:00,4.50,4.59,4.05,4.09,604482,0
05/29/2015,16:00,4.06,4.25,3.62,4.14,497526,0
06/05/2015,16:00,4.20,4.26,3.80,3.91,648410,0
06/12/2015,16:00,3.88,4.24,3.85,4.14,604243,0
06/19/2015,16:00,4.10,4.72,3.82,4.34,667962,0
06/26/2015,16:00,4.32,4.55,4.03,4.04,596870,0
07/03/2015,16:00,4.00,4.10,3.79,3.90,246660,0
07/10/2015,16:00,3.94,4.00,3.44,3.64,494334,0
07/17/2015,16:00,3.70,4.32,3.65,4.19,166050,0
07/24/2015,16:00,4.19,4.19,3.71,3.71,253975,0
07/31/2015,16:00,3.71,3.96,3.02,3.25,493310,0
08/07/2015,16:00,3.28,4.25,3.18,4.10,1484370,0
08/14/2015,16:00,4.06,4.62,3.69,3.69,1514535,0
08/21/2015,16:00,3.76,4.15,3.75,3.96,469040,0
08/28/2015,16:00,3.77,3.90,3.29,3.80,322735,0
09/04/2015,16:00,3.84,3.87,3.45,3.50,243989,0
09/11/2015,16:00,3.55,3.69,3.34,3.68,112874,0
09/18/2015,16:00,3.78,3.95,3.31,3.83,474382,0
09/25/2015,16:00,3.84,3.85,3.32,3.33,185171,0
10/02/2015,16:00,3.32,3.49,3.15,3.49,119587,0
10/09/2015,16:00,3.50,3.70,3.41,3.55,132202,0
10/16/2015,16:00,3.58,3.63,3.32,3.32,181014,0
10/23/2015,16:00,3.31,3.41,3.02,3.27,429514,0
10/30/2015,16:00,3.21,3.33,3.19,3.25,180544,0
11/06/2015,16:00,3.30,3.94,3.23,3.68,490705,0
11/13/2015,16:00,3.65,3.77,3.46,3.58,202671,0
11/20/2015,16:00,3.61,3.79,3.49,3.74,178096,0
11/27/2015,16:00,3.77,3.89,3.77,3.82,104843,0
12/04/2015,16:00,3.85,3.98,3.79,3.88,192911,0
12/11/2015,16:00,3.87,4.08,3.71,4.05,666692,0
12/18/2015,16:00,4.00,4.50,3.89,4.07,345172,0
12/25/2015,16:00,4.08,4.16,3.85,3.99,195675,0
01/01/2016,16:00,3.99,4.24,3.99,4.23,221849,0
01/08/2016,16:00,4.15,4.28,4.00,4.17,429791,0
01/15/2016,16:00,4.23,4.50,3.80,3.81,1277551,0
01/22/2016,16:00,3.86,4.20,3.49,4.10,633353,0
01/29/2016,16:00,4.10,4.18,3.83,4.05,568394,0
02/05/2016,16:00,4.03,4.06,3.85,3.91,270256,0
02/12/2016,16:00,3.84,4.08,3.77,4.06,532968,0
02/19/2016,16:00,4.08,4.15,4.00,4.10,291238,0
02/26/2016,16:00,4.10,4.15,4.01,4.07,446190,0
03/04/2016,16:00,4.07,4.14,3.51,3.66,626268,0
03/11/2016,16:00,3.69,3.96,3.63,3.85,750514,0
03/18/2016,16:00,3.87,4.00,3.23,3.26,599936,0
03/25/2016,16:00,3.27,3.50,2.93,3.17,462728,0
04/01/2016,16:00,3.17,3.27,3.00,3.19,319297,0
04/08/2016,16:00,3.12,3.44,3.05,3.34,297885,0
04/15/2016,16:00,3.36,3.77,3.22,3.73,344573,0
04/22/2016,16:00,3.73,3.77,3.17,3.47,462649,0
04/29/2016,16:00,3.42,3.54,3.14,3.15,270173,0
05/06/2016,16:00,3.16,3.48,3.14,3.19,458779,0
05/13/2016,16:00,3.23,3.47,3.16,3.40,223540,0
05/20/2016,16:00,3.38,3.56,3.33,3.54,270663,0
05/27/2016,16:00,3.57,4.10,3.54,4.05,444620,0
06/03/2016,16:00,4.05,4.05,3.66,3.95,382080,0
06/10/2016,16:00,3.97,4.25,3.91,4.11,816549,0
06/17/2016,16:00,4.10,4.31,3.85,4.18,1035364,0
06/24/2016,16:00,4.21,4.34,3.86,4.17,4014131,0
07/01/2016,16:00,4.12,4.17,3.82,3.92,669878,0
07/08/2016,16:00,3.93,4.16,3.87,4.05,617057,0
07/15/2016,16:00,4.09,4.31,4.01,4.12,596527,0
07/22/2016,16:00,4.14,4.26,4.06,4.11,289422,0
07/29/2016,16:00,4.11,4.35,4.03,4.35,405644,0
08/05/2016,16:00,4.37,4.46,4.15,4.19,396119,0
08/12/2016,16:00,4.16,4.63,4.15,4.28,512992,0
08/19/2016,16:00,4.25,4.44,4.07,4.14,617910,0
08/26/2016,16:00,4.13,4.38,4.11,4.20,393451,0
09/02/2016,16:00,4.19,4.34,4.08,4.29,300056,0
09/09/2016,16:00,4.28,4.42,3.91,4.06,509938,0
09/16/2016,16:00,4.03,4.23,4.01,4.12,462086,0
09/23/2016,16:00,4.12,4.30,4.01,4.28,186225,0
09/30/2016,16:00,4.28,4.48,4.11,4.44,320885,0
10/07/2016,16:00,4.39,4.57,4.34,4.40,326762,0
10/14/2016,16:00,4.42,4.55,4.31,4.37,199742,0
10/21/2016,16:00,4.40,4.81,4.35,4.45,917854,0
10/28/2016,16:00,4.40,4.60,4.35,4.50,182456,0
11/04/2016,16:00,4.50,5.25,4.40,4.60,1030015,0
11/11/2016,16:00,4.75,5.15,4.40,5.15,558511,0
11/18/2016,16:00,5.20,5.20,4.65,5.00,579338,0
11/25/2016,16:00,5.00,5.10,4.85,5.00,276361,0
12/02/2016,16:00,4.95,5.00,4.45,4.45,376331,0
12/09/2016,16:00,4.50,5.10,4.45,4.95,449447,0
12/16/2016,16:00,4.75,4.98,4.70,4.80,468871,0
12/23/2016,16:00,4.85,5.00,4.65,4.85,283046,0
12/30/2016,16:00,4.85,4.85,4.55,4.60,292194,0
01/06/2017,16:00,4.70,4.90,4.45,4.75,776420,0
01/13/2017,16:00,4.85,5.15,4.80,4.90,642524,0
01/20/2017,16:00,4.80,4.98,4.70,4.90,349211,0
01/27/2017,16:00,4.85,5.29,4.80,4.85,636441,0
02/03/2017,16:00,4.80,4.85,4.55,4.60,756194,0
02/10/2017,16:00,4.55,4.65,4.30,4.35,1090095,0
02/17/2017,16:00,4.40,4.40,4.05,4.15,611836,0
02/24/2017,16:00,4.20,4.20,3.60,4.10,448457,0
03/03/2017,16:00,4.05,4.45,4.00,4.15,410583,0
03/10/2017,16:00,4.15,4.60,3.85,4.45,588331,0
03/17/2017,16:00,4.50,4.70,4.45,4.55,659036,0
03/24/2017,16:00,4.55,4.75,4.40,4.60,506135,0
03/31/2017,16:00,4.60,4.85,4.55,4.80,436188,0
04/07/2017,16:00,4.80,5.00,3.95,4.50,2582533,0
04/14/2017,16:00,4.45,4.70,4.25,4.30,1027853,0
04/21/2017,16:00,4.35,4.45,4.20,4.25,579245,0
04/28/2017,16:00,4.35,4.70,4.25,4.40,1096126,0
05/05/2017,16:00,4.50,4.65,4.25,4.50,576238,0
05/12/2017,16:00,4.50,4.95,4.20,4.65,478112,0
05/19/2017,16:00,4.60,4.70,4.35,4.35,418476,0
05/26/2017,16:00,4.40,4.60,4.30,4.30,237621,0
06/02/2017,16:00,4.30,4.55,3.95,4.45,1792937,0
06/09/2017,16:00,4.50,4.70,4.30,4.65,471699,0
06/16/2017,16:00,4.65,4.85,4.55,4.80,699335,0
06/23/2017,16:00,4.60,5.25,4.60,5.20,1228530,0
06/30/2017,16:00,5.30,5.45,4.95,5.45,890735,0
07/07/2017,16:00,5.45,5.45,5.15,5.40,253284,0
07/14/2017,16:00,5.35,5.55,5.20,5.55,606573,0
07/21/2017,16:00,5.55,5.70,5.35,5.65,987855,0
07/28/2017,16:00,5.60,5.70,5.35,5.45,392966,0
08/04/2017,16:00,5.50,5.50,4.80,5.10,340391,0
08/11/2017,16:00,5.00,5.45,4.95,5.25,526949,0
08/18/2017,16:00,5.25,5.50,5.20,5.45,448285,0
08/25/2017,16:00,5.45,5.55,5.10,5.30,540252,0
09/01/2017,16:00,5.30,5.75,5.25,5.55,508737,0
09/08/2017,16:00,5.50,5.75,5.40,5.60,327593,0
09/15/2017,16:00,5.60,5.95,5.55,5.90,1916951,0
09/22/2017,16:00,5.85,5.98,5.55,5.85,1725374,0
09/29/2017,16:00,5.80,6.70,5.70,6.65,953241,0
10/06/2017,16:00,6.70,7.00,6.40,6.85,912043,0
10/13/2017,16:00,6.95,7.95,6.45,7.50,1336841,0
10/20/2017,16:00,7.50,7.67,7.05,7.30,801569,0
10/27/2017,16:00,7.35,7.35,6.45,6.60,855019,0
11/03/2017,16:00,6.55,6.59,6.03,6.35,2064622,0
11/10/2017,16:00,6.40,6.70,6.15,6.25,1137530,0
11/17/2017,16:00,6.25,6.25,5.70,5.85,1055132,0
11/24/2017,16:00,5.85,6.35,5.75,6.25,651403,0
12/01/2017,16:00,6.30,7.00,6.05,6.93,1044765,0
12/08/2017,16:00,7.00,7.15,6.50,6.85,963763,0
12/15/2017,16:00,6.90,7.85,6.75,7.70,1924865,0
12/22/2017,16:00,7.85,8.45,7.75,7.90,1236335,0
12/29/2017,16:00,8.00,8.55,8.00,8.35,1071031,0
01/05/2018,16:00,8.45,8.50,7.95,8.00,1010745,0
01/12/2018,16:00,8.05,9.45,8.00,9.00,2058237,0
01/19/2018,16:00,9.00,9.00,8.30,8.60,936768,0
01/26/2018,16:00,8.60,8.90,8.10,8.75,748952,0
02/02/2018,16:00,8.60,9.30,8.00,8.25,1327781,0
02/09/2018,16:00,8.20,8.65,8.05,8.50,1321025,0
02/16/2018,16:00,8.50,9.40,8.20,9.35,977560,0
02/23/2018,16:00,9.20,9.43,8.85,9.10,739448,0
03/02/2018,16:00,9.20,10.75,9.00,10.40,1876371,0
03/09/2018,16:00,10.40,11.25,9.10,11.10,2315438,0
03/16/2018,16:00,11.30,13.60,11.10,11.50,4790664,0
03/23/2018,16:00,11.45,12.45,10.90,11.00,1780491,0
03/30/2018,16:00,11.10,11.60,10.80,11.00,1118425,0
04/06/2018,16:00,10.95,11.05,9.30,10.40,3893644,0
04/13/2018,16:00,10.45,11.95,10.05,11.40,2059434,0
04/20/2018,16:00,11.45,11.60,10.95,11.10,1383145,0
04/27/2018,16:00,11.20,11.85,11.00,11.05,1474518,0
05/04/2018,16:00,11.15,12.00,10.90,11.85,1069589,0
05/11/2018,16:00,11.90,13.25,11.50,12.65,1590542,0
05/18/2018,16:00,13.10,14.30,12.75,13.50,2411455,0
05/25/2018,16:00,13.60,14.45,13.23,13.90,1778728,0
06/01/2018,16:00,13.85,15.40,13.75,15.05,1710639,0
06/08/2018,16:00,15.10,15.60,14.50,14.60,1985956,0
06/15/2018,16:00,14.55,15.50,13.83,15.30,1641315,0
06/22/2018,16:00,15.30,16.80,14.90,15.85,3654756,0
06/29/2018,16:00,15.70,15.70,13.35,14.40,2130299,0
07/06/2018,16:00,14.40,15.60,14.35,15.50,871831,0
07/13/2018,16:00,15.50,16.00,14.95,15.75,1349161,0
07/20/2018,16:00,15.70,16.60,14.95,15.90,1665972,0
07/27/2018,16:00,15.85,16.08,13.65,13.70,1244334,0
08/03/2018,16:00,13.65,14.85,13.35,13.75,1396168,0
08/10/2018,16:00,13.70,15.10,12.85,15.00,1531643,0
08/17/2018,16:00,15.05,15.55,14.35,15.05,1304206,0
08/24/2018,16:00,15.15,16.40,15.00,16.30,1802703,0
08/31/2018,16:00,16.35,17.95,16.35,17.20,2274576,0
09/07/2018,16:00,17.20,18.90,16.85,18.35,1346291,0
09/14/2018,16:00,18.35,19.30,18.15,18.50,1544665,0
09/21/2018,16:00,18.40,18.82,17.64,18.00,2162997,0
09/28/2018,16:00,18.00,19.60,17.00,17.15,2789490,0
10/05/2018,16:00,17.16,17.79,16.43,17.47,3308089,0
10/12/2018,16:00,17.44,17.47,14.89,15.33,2704601,0
10/19/2018,16:00,15.25,16.16,14.97,15.32,1425494,0
10/26/2018,16:00,15.40,15.54,14.05,14.52,1456160,0
11/02/2018,16:00,14.78,16.43,14.24,16.09,1331633,0
11/09/2018,16:00,16.17,17.48,15.36,15.71,1515412,0
11/16/2018,16:00,15.70,16.92,14.88,16.90,1430321,0
11/23/2018,16:00,16.90,18.34,15.95,18.05,1047660,0
11/30/2018,16:00,18.23,21.94,17.78,21.92,2561440,0
12/07/2018,16:00,22.12,23.05,21.05,21.21,2143285,0
12/14/2018,16:00,21.11,21.52,19.20,19.51,2522562,0
12/21/2018,16:00,19.42,19.76,15.87,15.93,2584513,0
12/28/2018,16:00,15.50,16.87,15.31,16.54,2018476,0
01/04/2019,16:00,16.67,16.86,15.44,16.04,1779985,0
01/11/2019,16:00,16.14,17.06,15.59,16.12,1444368,0
01/18/2019,16:00,15.97,17.65,15.43,17.00,1897335,0
01/25/2019,16:00,16.83,17.25,16.36,17.19,1004889,0
02/01/2019,16:00,16.91,20.45,16.65,19.37,2624298,0
02/08/2019,16:00,19.78,21.94,19.16,21.52,4037159,0
02/15/2019,16:00,21.60,22.49,21.23,21.92,2901884,0
02/22/2019,16:00,21.92,22.32,21.59,21.87,1263121,0
03/01/2019,16:00,22.19,22.25,20.90,20.91,3233020,0
03/08/2019,16:00,21.10,21.22,19.05,19.38,3103208,0
03/15/2019,16:00,19.42,21.58,19.42,21.10,1837388,0
03/22/2019,16:00,21.11,21.34,19.61,19.62,1426979,0
03/29/2019,16:00,19.67,20.56,19.41,20.53,1168172,0
04/05/2019,16:00,20.72,22.38,20.39,21.70,1787730,0
04/12/2019,16:00,21.69,21.72,20.86,21.00,840947,0
